gameId,gameTypeId,gameDate,mP_ev,mP_pp,mP_sh,iFW_ev,iFW_pp,iFW_sh,oFW_ev,oFW_pp,oFW_sh,iFL_ev,iFL_pp,iFL_sh,oFL_ev,oFL_pp,oFL_sh,iHG_ev,iHG_pp,iHG_sh,oHG_ev,oHG_pp,oHG_sh,iHT_ev,iHT_pp,iHT_sh,oHT_ev,oHT_pp,oHT_sh,iTW_ev,iTW_pp,iTW_sh,oTW_ev,oTW_pp,oTW_sh,iGW_ev,iGW_pp,iGW_sh,oGW_ev,oGW_pp,oGW_sh,iMD_ev,iMD_pp,iMD_sh,oMD_ev,oMD_pp,oMD_sh,iMC_ev,iMC_pp,iMC_sh,oMC_ev,oMC_pp,oMC_sh,iCF_neither_ev,iCF_neither_pp,iCF_neither_sh,iCF_rush_ev,iCF_rush_pp,iCF_rush_sh,iCF_rebound_ev,iCF_rebound_pp,iCF_rebound_sh,iCF_both_ev,iCF_both_pp,iCF_both_sh,oCF_neither_ev,oCF_neither_pp,oCF_neither_sh,oCF_rush_ev,oCF_rush_pp,oCF_rush_sh,oCF_rebound_ev,oCF_rebound_pp,oCF_rebound_sh,oCF_both_ev,oCF_both_pp,oCF_both_sh,oCA_neither_ev,oCA_neither_pp,oCA_neither_sh,oCA_rush_ev,oCA_rush_pp,oCA_rush_sh,oCA_rebound_ev,oCA_rebound_pp,oCA_rebound_sh,oCA_both_ev,oCA_both_pp,oCA_both_sh,iFF_neither_ev,iFF_neither_pp,iFF_neither_sh,iFF_rush_ev,iFF_rush_pp,iFF_rush_sh,iFF_rebound_ev,iFF_rebound_pp,iFF_rebound_sh,iFF_both_ev,iFF_both_pp,iFF_both_sh,oFF_neither_ev,oFF_neither_pp,oFF_neither_sh,oFF_rush_ev,oFF_rush_pp,oFF_rush_sh,oFF_rebound_ev,oFF_rebound_pp,oFF_rebound_sh,oFF_both_ev,oFF_both_pp,oFF_both_sh,oFA_neither_ev,oFA_neither_pp,oFA_neither_sh,oFA_rush_ev,oFA_rush_pp,oFA_rush_sh,oFA_rebound_ev,oFA_rebound_pp,oFA_rebound_sh,oFA_both_ev,oFA_both_pp,oFA_both_sh,iSF_neither_ev,iSF_neither_pp,iSF_neither_sh,iSF_rush_ev,iSF_rush_pp,iSF_rush_sh,iSF_rebound_ev,iSF_rebound_pp,iSF_rebound_sh,iSF_both_ev,iSF_both_pp,iSF_both_sh,oSF_neither_ev,oSF_neither_pp,oSF_neither_sh,oSF_rush_ev,oSF_rush_pp,oSF_rush_sh,oSF_rebound_ev,oSF_rebound_pp,oSF_rebound_sh,oSF_both_ev,oSF_both_pp,oSF_both_sh,oSA_neither_ev,oSA_neither_pp,oSA_neither_sh,oSA_rush_ev,oSA_rush_pp,oSA_rush_sh,oSA_rebound_ev,oSA_rebound_pp,oSA_rebound_sh,oSA_both_ev,oSA_both_pp,oSA_both_sh,iGF_neither_ev,iGF_neither_pp,iGF_neither_sh,iGF_rush_ev,iGF_rush_pp,iGF_rush_sh,iGF_rebound_ev,iGF_rebound_pp,iGF_rebound_sh,iGF_both_ev,iGF_both_pp,iGF_both_sh,oGF_neither_ev,oGF_neither_pp,oGF_neither_sh,oGF_rush_ev,oGF_rush_pp,oGF_rush_sh,oGF_rebound_ev,oGF_rebound_pp,oGF_rebound_sh,oGF_both_ev,oGF_both_pp,oGF_both_sh,oGA_neither_ev,oGA_neither_pp,oGA_neither_sh,oGA_rush_ev,oGA_rush_pp,oGA_rush_sh,oGA_rebound_ev,oGA_rebound_pp,oGA_rebound_sh,oGA_both_ev,oGA_both_pp,oGA_both_sh,iAPF_neither_ev,iAPF_neither_pp,iAPF_neither_sh,iAPF_rush_ev,iAPF_rush_pp,iAPF_rush_sh,iAPF_rebound_ev,iAPF_rebound_pp,iAPF_rebound_sh,iAPF_both_ev,iAPF_both_pp,iAPF_both_sh,oAPF_neither_ev,oAPF_neither_pp,oAPF_neither_sh,oAPF_rush_ev,oAPF_rush_pp,oAPF_rush_sh,oAPF_rebound_ev,oAPF_rebound_pp,oAPF_rebound_sh,oAPF_both_ev,oAPF_both_pp,oAPF_both_sh,oAPA_neither_ev,oAPA_neither_pp,oAPA_neither_sh,oAPA_rush_ev,oAPA_rush_pp,oAPA_rush_sh,oAPA_rebound_ev,oAPA_rebound_pp,oAPA_rebound_sh,oAPA_both_ev,oAPA_both_pp,oAPA_both_sh,iASF_neither_ev,iASF_neither_pp,iASF_neither_sh,iASF_rush_ev,iASF_rush_pp,iASF_rush_sh,iASF_rebound_ev,iASF_rebound_pp,iASF_rebound_sh,iASF_both_ev,iASF_both_pp,iASF_both_sh,oASF_neither_ev,oASF_neither_pp,oASF_neither_sh,oASF_rush_ev,oASF_rush_pp,oASF_rush_sh,oASF_rebound_ev,oASF_rebound_pp,oASF_rebound_sh,oASF_both_ev,oASF_both_pp,oASF_both_sh,oASA_neither_ev,oASA_neither_pp,oASA_neither_sh,oASA_rush_ev,oASA_rush_pp,oASA_rush_sh,oASA_rebound_ev,oASA_rebound_pp,oASA_rebound_sh,oASA_both_ev,oASA_both_pp,oASA_both_sh,iRCF_neither_ev,iRCF_neither_pp,iRCF_neither_sh,iRCF_rush_ev,iRCF_rush_pp,iRCF_rush_sh,iRCF_rebound_ev,iRCF_rebound_pp,iRCF_rebound_sh,iRCF_both_ev,iRCF_both_pp,iRCF_both_sh,oRCF_neither_ev,oRCF_neither_pp,oRCF_neither_sh,oRCF_rush_ev,oRCF_rush_pp,oRCF_rush_sh,oRCF_rebound_ev,oRCF_rebound_pp,oRCF_rebound_sh,oRCF_both_ev,oRCF_both_pp,oRCF_both_sh,oRCA_neither_ev,oRCA_neither_pp,oRCA_neither_sh,oRCA_rush_ev,oRCA_rush_pp,oRCA_rush_sh,oRCA_rebound_ev,oRCA_rebound_pp,oRCA_rebound_sh,oRCA_both_ev,oRCA_both_pp,oRCA_both_sh
2013020010,2,2013-10-03,13.2,1.5166666666666666,2.5166666666666666,0,0,0,6,2,0,0,0,0,5,0,0,1,0,0,3,0,0,0,0,0,3,0,0,1,0,0,1,0,0,0,0,0,0,0,0,0,0,0,0,0,0,0,0,0,2,0,0,4,0,0,1,0,0,0,0,0,0,0,0,9,3,0,2,0,0,0,1,0,0,0,0,13,1,4,0,0,0,0,0,0,0,0,0,4,0,0,1,0,0,0,0,0,0,0,0,8,2,0,2,0,0,0,1,0,0,0,0,10,1,4,0,0,0,0,0,0,0,0,0,2,0,0,1,0,0,0,0,0,0,0,0,5,1,0,2,0,0,0,1,0,0,0,0,6,1,3,0,0,0,0,0,0,0,0,0,1,0,0,0,0,0,0,0,0,0,0,0,1,0,0,0,0,0,0,1,0,0,0,0,0,0,0,0,0,0,0,0,0,0,0,0,0,0,0,0,0,0,0,0,0,0,0,0,1,0,0,0,0,0,0,1,0,0,0,0,0,0,0,0,0,0,0,0,0,0,0,0,0,0,0,0,0,0,0,0,0,0,0,0,1,0,0,0,0,0,0,1,0,0,0,0,0,0,0,0,0,0,0,0,0,0,0,0,0,0,0,0,0,0,0,0,0,0,0,0,0,1,0,0,0,0,0,0,0,0,0,0,0,0,0,0,0,0,0,0,0,0,0,0
2013020027,2,2013-10-05,13.683333333333334,1.4166666666666667,2.65,0,0,0,6,1,0,0,0,0,4,1,1,2,0,0,5,0,0,0,0,0,2,0,0,0,0,0,3,0,1,0,0,0,2,0,0,0,2,0,10,2,0,0,0,0,0,12,0,3,0,0,0,0,0,0,0,0,0,0,0,13,3,0,0,0,0,0,0,0,0,0,0,5,0,1,1,0,0,0,0,0,0,0,0,3,0,0,0,0,0,0,0,0,0,0,0,13,3,0,0,0,0,0,0,0,0,0,0,3,0,1,1,0,0,0,0,0,0,0,0,3,0,0,0,0,0,0,0,0,0,0,0,10,3,0,0,0,0,0,0,0,0,0,0,2,0,1,1,0,0,0,0,0,0,0,0,0,0,0,0,0,0,0,0,0,0,0,0,1,0,0,0,0,0,0,0,0,0,0,0,0,0,0,0,0,0,0,0,0,0,0,0,0,0,0,0,0,0,0,0,0,0,0,0,1,0,0,0,0,0,0,0,0,0,0,0,0,0,0,0,0,0,0,0,0,0,0,0,0,0,0,0,0,0,0,0,0,0,0,0,0,0,0,0,0,0,0,0,0,0,0,0,0,0,0,0,0,0,0,0,0,0,0,0,0,0,0,0,0,0,0,0,0,0,0,0,0,0,0,0,0,0,0,0,0,0,0,0,0,0,0,0,0,0,0,0,0,0,0,0
2013020045,2,2013-10-09,19.916666666666668,1,0,0,0,0,9,2,0,0,0,0,8,0,0,0,0,0,6,0,0,0,0,0,6,0,0,1,0,0,5,1,0,0,0,0,0,0,0,0,0,0,4,0,0,0,0,0,0,0,0,1,0,0,0,0,0,1,0,0,0,0,0,10,2,0,0,0,0,1,0,0,0,0,0,18,0,0,0,0,0,0,0,0,0,0,0,1,0,0,0,0,0,1,0,0,0,0,0,7,2,0,0,0,0,1,0,0,0,0,0,14,0,0,0,0,0,0,0,0,0,0,0,1,0,0,0,0,0,1,0,0,0,0,0,5,1,0,0,0,0,1,0,0,0,0,0,10,0,0,0,0,0,0,0,0,0,0,0,0,0,0,0,0,0,0,0,0,0,0,0,1,1,0,0,0,0,0,0,0,0,0,0,0,0,0,0,0,0,0,0,0,0,0,0,0,0,0,0,0,0,0,0,0,0,0,0,1,1,0,0,0,0,0,0,0,0,0,0,0,0,0,0,0,0,0,0,0,0,0,0,0,1,0,0,0,0,0,0,0,0,0,0,1,1,0,0,0,0,0,0,0,0,0,0,0,0,0,0,0,0,0,0,0,0,0,0,0,0,0,0,0,0,0,0,0,0,0,0,1,0,0,0,0,0,0,0,0,0,0,0,0,0,0,0,0,0,0,0,0,0,0,0
2013020070,2,2013-10-12,15.916666666666666,1.5166666666666666,0.7666666666666667,0,0,0,7,2,1,0,0,0,6,0,0,0,0,0,3,0,0,0,0,0,6,0,0,0,0,0,1,0,0,0,0,0,0,0,0,0,0,0,4,0,2,2,2,0,4,2,0,2,1,0,0,0,0,0,0,0,0,0,0,16,3,0,1,0,0,1,0,0,0,0,0,6,0,0,0,0,0,0,0,0,0,0,0,1,0,0,0,0,0,0,0,0,0,0,0,12,2,0,1,0,0,1,0,0,0,0,0,5,0,0,0,0,0,0,0,0,0,0,0,1,0,0,0,0,0,0,0,0,0,0,0,10,1,0,0,0,0,1,0,0,0,0,0,4,0,0,0,0,0,0,0,0,0,0,0,0,0,0,0,0,0,0,0,0,0,0,0,1,0,0,0,0,0,1,0,0,0,0,0,0,0,0,0,0,0,0,0,0,0,0,0,1,0,0,0,0,0,1,0,0,0,0,0,1,0,0,0,0,0,1,0,0,0,0,0,0,0,0,0,0,0,0,0,0,0,0,0,0,0,0,0,0,0,0,0,0,0,0,0,1,0,0,0,0,0,1,0,0,0,0,0,0,0,0,0,0,0,0,0,0,0,0,0,1,0,0,0,0,0,0,0,0,0,0,0,1,0,0,0,0,0,0,0,0,0,0,0,0,0,0,0,0,0,0,0,0,0,0,0
2013020089,2,2013-10-15,13.916666666666666,1.4333333333333333,3.05,1,0,1,7,1,1,0,0,0,8,1,1,0,0,0,4,0,0,0,0,0,2,0,0,0,0,0,1,0,1,0,0,0,0,0,1,2,0,0,2,2,0,0,0,0,2,4,0,3,1,0,0,0,0,0,0,0,0,0,0,11,1,0,0,0,0,0,0,0,0,0,0,12,0,8,1,0,0,1,0,1,0,0,0,2,1,0,0,0,0,0,0,0,0,0,0,7,1,0,0,0,0,0,0,0,0,0,0,10,0,6,1,0,0,1,0,1,0,0,0,0,0,0,0,0,0,0,0,0,0,0,0,3,0,0,0,0,0,0,0,0,0,0,0,6,0,3,1,0,0,0,0,1,0,0,0,0,0,0,0,0,0,0,0,0,0,0,0,0,0,0,0,0,0,0,0,0,0,0,0,0,0,0,1,0,0,0,0,1,0,0,0,0,0,0,0,0,0,0,0,0,0,0,0,0,0,0,0,0,0,0,0,0,0,0,0,0,0,0,1,0,0,0,0,1,0,0,0,0,0,0,0,0,0,0,0,0,0,0,0,0,0,0,0,0,0,0,0,0,0,0,0,0,0,0,0,0,0,0,0,1,0,0,0,0,0,0,0,0,0,0,0,0,0,0,0,0,0,0,0,0,0,0,0,0,0,0,0,1,0,1,0,0,0,0,0,0,0,0,0
2013020104,2,2013-10-17,16.066666666666666,2.1333333333333333,3.45,0,0,0,8,1,0,0,0,0,8,1,1,1,0,0,6,0,0,0,0,0,7,0,0,0,0,0,2,0,0,0,0,0,1,0,0,0,0,2,0,0,19,0,0,0,4,0,7,1,0,0,0,0,0,0,0,0,0,0,0,11,4,1,0,0,0,0,0,0,0,0,0,11,1,6,2,0,0,0,0,0,0,0,0,1,0,0,0,0,0,0,0,0,0,0,0,7,3,1,0,0,0,0,0,0,0,0,0,8,0,6,2,0,0,0,0,0,0,0,0,1,0,0,0,0,0,0,0,0,0,0,0,5,2,1,0,0,0,0,0,0,0,0,0,6,0,4,2,0,0,0,0,0,0,0,0,0,0,0,0,0,0,0,0,0,0,0,0,1,1,0,0,0,0,0,0,0,0,0,0,0,0,0,1,0,0,0,0,0,0,0,0,0,0,0,0,0,0,0,0,0,0,0,0,1,1,0,0,0,0,0,0,0,0,0,0,0,0,0,1,0,0,0,0,0,0,0,0,1,0,0,0,0,0,0,0,0,0,0,0,1,1,0,0,0,0,0,0,0,0,0,0,0,0,0,0,0,0,0,0,0,0,0,0,0,0,0,0,0,0,0,0,0,0,0,0,0,0,0,0,0,0,0,0,0,0,0,0,0,0,0,0,0,0,0,0,0,0,0,0
2013020108,2,2013-10-18,19.25,2.75,0.5333333333333333,0,0,0,12,0,1,0,0,0,7,0,0,0,0,0,5,0,0,0,0,0,9,1,0,1,0,0,1,0,0,0,0,0,0,0,0,0,0,0,4,0,0,0,0,0,0,0,0,1,0,0,0,0,0,0,0,0,0,0,0,14,1,0,2,1,0,1,0,0,0,0,0,20,1,1,1,0,0,1,0,0,0,0,0,0,0,0,0,0,0,0,0,0,0,0,0,8,1,0,2,0,0,1,0,0,0,0,0,11,1,1,1,0,0,1,0,0,0,0,0,0,0,0,0,0,0,0,0,0,0,0,0,5,1,0,2,0,0,1,0,0,0,0,0,7,0,1,0,0,0,1,0,0,0,0,0,0,0,0,0,0,0,0,0,0,0,0,0,0,0,0,2,0,0,1,0,0,0,0,0,1,0,0,0,0,0,0,0,0,0,0,0,0,0,0,1,0,0,0,0,0,0,0,0,0,0,0,1,0,0,1,0,0,0,0,0,1,0,0,0,0,0,0,0,0,0,0,0,0,0,0,0,0,0,0,0,0,0,0,0,0,0,0,0,0,0,1,0,0,0,0,0,1,0,0,0,0,0,0,0,0,0,0,0,0,0,0,0,0,0,0,0,0,0,0,0,1,0,0,0,0,0,0,0,0,0,0,0,1,0,0,0,0,0,0,0,0,0,0,0
2013020153,2,2013-10-25,20.033333333333335,1.4166666666666667,1.8666666666666667,0,0,0,6,3,0,0,0,0,8,0,1,0,0,0,5,0,1,2,0,0,2,0,0,0,0,0,1,0,0,0,0,0,2,0,0,0,0,0,0,2,5,0,0,0,5,0,0,4,0,0,0,0,0,0,0,0,0,0,0,14,2,0,1,0,0,0,0,0,0,0,0,12,0,5,1,0,0,0,0,0,0,0,0,2,0,0,0,0,0,0,0,0,0,0,0,10,1,0,1,0,0,0,0,0,0,0,0,6,0,3,1,0,0,0,0,0,0,0,0,0,0,0,0,0,0,0,0,0,0,0,0,6,1,0,1,0,0,0,0,0,0,0,0,5,0,1,0,0,0,0,0,0,0,0,0,0,0,0,0,0,0,0,0,0,0,0,0,0,1,0,0,0,0,0,0,0,0,0,0,0,0,0,0,0,0,0,0,0,0,0,0,0,1,0,0,0,0,0,0,0,0,0,0,0,1,0,0,0,0,0,0,0,0,0,0,0,0,0,0,0,0,0,0,0,0,0,0,0,0,0,0,0,0,0,0,0,0,0,0,0,1,0,0,0,0,0,0,0,0,0,0,0,0,0,0,0,0,0,0,0,0,0,0,0,0,0,0,0,0,0,0,0,0,0,0,0,0,0,0,0,0,0,0,0,0,0,0,0,0,0,0,0,0,0,0,0,0,0,0
2013020163,2,2013-10-26,14.5,3.183333333333333,1.0666666666666667,0,0,0,6,1,0,0,0,0,9,3,0,1,0,0,5,0,0,2,0,0,6,0,0,1,0,0,1,0,0,1,0,0,1,0,0,0,0,0,7,0,0,2,0,0,2,5,0,3,0,0,1,0,0,1,0,0,0,0,0,10,5,0,3,0,0,3,0,0,0,0,0,13,0,0,0,0,0,1,0,0,0,0,0,3,0,0,0,0,0,1,0,0,0,0,0,10,4,0,1,0,0,2,0,0,0,0,0,11,0,0,0,0,0,1,0,0,0,0,0,3,0,0,0,0,0,0,0,0,0,0,0,8,2,0,1,0,0,1,0,0,0,0,0,5,0,0,0,0,0,1,0,0,0,0,0,1,0,0,0,0,0,0,0,0,0,0,0,1,1,0,0,0,0,1,0,0,0,0,0,0,0,0,0,0,0,0,0,0,0,0,0,0,0,0,0,0,0,1,0,0,0,0,0,1,1,0,0,0,0,1,0,0,0,0,0,0,0,0,0,0,0,0,0,0,0,0,0,0,0,0,0,0,0,0,0,0,0,0,0,0,1,0,0,0,0,1,0,0,0,0,0,0,0,0,0,0,0,0,0,0,0,0,0,0,0,0,0,0,0,1,0,0,0,0,0,2,0,0,0,0,0,1,0,0,0,0,0,1,0,0,0,0,0,0,0,0,0,0,0
2013020181,2,2013-10-29,15.766666666666667,5.133333333333334,1.85,0,0,0,9,0,1,0,0,0,6,3,0,1,0,0,7,0,0,3,1,0,7,1,0,2,0,0,5,0,0,0,0,0,1,0,0,2,0,0,4,0,0,0,0,0,2,0,0,1,0,0,0,0,0,0,0,0,0,0,0,14,8,1,0,0,0,0,0,0,0,0,0,12,1,3,2,0,0,2,0,0,0,0,0,0,0,0,0,0,0,0,0,0,0,0,0,9,6,0,0,0,0,0,0,0,0,0,0,9,1,2,0,0,0,2,0,0,0,0,0,0,0,0,0,0,0,0,0,0,0,0,0,6,3,0,0,0,0,0,0,0,0,0,0,6,1,1,0,0,0,2,0,0,0,0,0,0,0,0,0,0,0,0,0,0,0,0,0,1,1,0,0,0,0,0,0,0,0,0,0,0,1,0,0,0,0,0,0,0,0,0,0,1,0,0,0,0,0,0,0,0,0,0,0,1,1,0,0,0,0,0,0,0,0,0,0,0,1,0,0,0,0,0,0,0,0,0,0,0,0,0,0,0,0,0,0,0,0,0,0,0,1,0,0,0,0,0,0,0,0,0,0,0,0,0,0,0,0,0,0,0,0,0,0,0,0,0,0,0,0,0,0,0,0,0,0,0,0,0,0,0,0,0,0,0,0,0,0,2,0,0,0,0,0,0,0,0,0,0,0
2013020195,2,2013-11-01,13.75,3.066666666666667,1.8666666666666667,0,0,0,6,2,0,0,0,0,12,1,1,1,0,0,5,0,1,1,0,0,6,2,1,0,0,0,1,0,0,0,0,0,0,0,0,4,0,0,4,0,0,0,0,0,2,0,0,3,0,0,0,0,0,0,0,0,0,0,0,10,2,0,0,0,0,2,1,0,0,0,0,9,0,5,0,1,0,1,0,0,0,0,0,2,0,0,0,0,0,0,0,0,0,0,0,7,1,0,0,0,0,1,1,0,0,0,0,6,0,3,0,1,0,1,0,0,0,0,0,0,0,0,0,0,0,0,0,0,0,0,0,4,0,0,0,0,0,1,1,0,0,0,0,5,0,1,0,1,0,1,0,0,0,0,0,0,0,0,0,0,0,0,0,0,0,0,0,0,0,0,0,0,0,1,1,0,0,0,0,0,0,0,0,0,0,0,0,0,0,0,0,0,0,0,0,0,0,1,0,0,0,0,0,0,0,0,0,0,0,1,1,0,0,0,0,0,0,0,0,0,0,0,0,0,0,0,0,0,0,0,0,0,0,0,0,0,0,0,0,0,0,0,0,0,0,1,1,0,0,0,0,0,0,0,0,0,0,0,0,0,0,0,0,0,0,0,0,0,0,0,0,0,0,0,0,2,1,0,0,0,0,0,0,0,0,0,0,1,0,0,0,0,0,0,0,0,0,0,0
2013020202,2,2013-11-02,15.583333333333334,3.5,0.7833333333333333,0,0,0,12,4,0,0,0,0,11,0,0,0,0,0,2,0,1,2,0,0,8,1,0,0,0,0,0,0,0,0,0,0,0,0,0,0,0,0,6,0,0,2,0,0,2,0,0,3,3,0,0,0,0,0,0,0,0,0,0,10,10,0,1,0,0,0,0,0,0,0,0,14,0,0,1,0,0,0,0,0,0,0,0,2,2,0,0,0,0,0,0,0,0,0,0,7,7,0,1,0,0,0,0,0,0,0,0,11,0,0,0,0,0,0,0,0,0,0,0,1,2,0,0,0,0,0,0,0,0,0,0,5,4,0,1,0,0,0,0,0,0,0,0,6,0,0,0,0,0,0,0,0,0,0,0,0,0,0,0,0,0,0,0,0,0,0,0,1,0,0,0,0,0,0,0,0,0,0,0,0,0,0,0,0,0,0,0,0,0,0,0,0,0,0,0,0,0,0,0,0,0,0,0,1,0,0,0,0,0,0,0,0,0,0,0,0,0,0,0,0,0,0,0,0,0,0,0,0,0,0,0,0,0,0,0,0,0,0,0,1,0,0,0,0,0,0,0,0,0,0,0,0,0,0,0,0,0,0,0,0,0,0,0,0,0,0,0,0,0,0,0,0,0,0,0,0,0,0,0,0,0,0,0,0,0,0,0,0,0,0,0,0,0,0,0,0,0,0,0
2013020220,2,2013-11-05,16.3,4.216666666666667,0.4666666666666667,0,0,0,12,2,0,0,0,0,6,2,0,2,0,0,7,1,0,3,0,0,6,0,0,0,0,0,1,0,0,0,0,0,1,0,0,0,0,0,2,0,0,0,0,0,0,0,0,2,1,0,0,0,0,0,0,0,0,0,0,12,7,0,0,0,0,0,1,0,0,0,0,11,1,1,1,0,0,1,0,0,0,0,0,2,1,0,0,0,0,0,0,0,0,0,0,7,5,0,0,0,0,0,0,0,0,0,0,5,1,0,1,0,0,1,0,0,0,0,0,1,1,0,0,0,0,0,0,0,0,0,0,6,4,0,0,0,0,0,0,0,0,0,0,5,1,0,1,0,0,1,0,0,0,0,0,0,0,0,0,0,0,0,0,0,0,0,0,0,0,0,0,0,0,0,0,0,0,0,0,0,0,0,0,0,0,1,0,0,0,0,0,0,0,0,0,0,0,0,0,0,0,0,0,0,0,0,0,0,0,0,0,0,0,0,0,0,0,0,0,0,0,1,0,0,0,0,0,0,0,0,0,0,0,0,0,0,0,0,0,0,0,0,0,0,0,0,0,0,0,0,0,0,0,0,0,0,0,1,0,0,0,0,0,0,0,0,0,0,0,0,0,0,0,0,0,0,1,0,0,0,0,0,0,0,0,0,0,2,0,0,0,0,0,0,0,0,0,0,0
2013020238,2,2013-11-07,10.116666666666667,1.8,2.5833333333333335,0,0,0,7,1,0,0,0,0,4,1,0,1,0,0,1,0,0,1,0,0,6,0,0,0,0,0,1,0,0,1,0,0,1,0,0,0,0,0,2,0,2,0,0,0,6,0,0,1,0,0,0,0,0,0,0,0,0,0,0,13,2,0,0,0,0,0,0,0,0,0,0,4,0,2,0,0,0,0,0,0,0,0,0,1,0,0,0,0,0,0,0,0,0,0,0,11,2,0,0,0,0,0,0,0,0,0,0,2,0,1,0,0,0,0,0,0,0,0,0,1,0,0,0,0,0,0,0,0,0,0,0,8,0,0,0,0,0,0,0,0,0,0,0,2,0,1,0,0,0,0,0,0,0,0,0,0,0,0,0,0,0,0,0,0,0,0,0,1,0,0,0,0,0,0,0,0,0,0,0,0,0,0,0,0,0,0,0,0,0,0,0,1,0,0,0,0,0,0,0,0,0,0,0,1,0,0,0,0,0,0,0,0,0,0,0,0,0,0,0,0,0,0,0,0,0,0,0,0,0,0,0,0,0,0,0,0,0,0,0,1,0,0,0,0,0,0,0,0,0,0,0,0,0,0,0,0,0,0,0,0,0,0,0,0,0,0,0,0,0,0,0,0,0,0,0,0,0,0,0,0,0,0,0,0,0,0,0,0,0,0,0,0,0,0,0,0,0,0,0
2013020251,2,2013-11-09,18.5,3.2,1.7,0,0,0,6,3,0,0,0,0,13,2,0,0,0,0,6,0,2,1,0,0,12,1,0,0,0,0,2,0,2,1,0,0,1,0,0,0,0,0,2,0,0,0,0,0,2,0,0,3,1,0,0,0,0,0,0,0,0,0,0,15,3,0,1,0,0,0,0,0,0,0,0,12,0,4,1,0,0,0,0,0,0,0,0,3,1,0,0,0,0,0,0,0,0,0,0,14,2,0,1,0,0,0,0,0,0,0,0,8,0,4,0,0,0,0,0,0,0,0,0,3,1,0,0,0,0,0,0,0,0,0,0,9,2,0,1,0,0,0,0,0,0,0,0,6,0,3,0,0,0,0,0,0,0,0,0,0,0,0,0,0,0,0,0,0,0,0,0,0,0,0,0,0,0,0,0,0,0,0,0,0,0,1,0,0,0,0,0,0,0,0,0,0,0,0,0,0,0,0,0,0,0,0,0,0,0,0,0,0,0,0,0,0,0,0,0,0,0,1,0,0,0,0,0,0,0,0,0,0,0,0,0,0,0,0,0,0,0,0,0,0,0,0,0,0,0,0,0,0,0,0,0,0,0,1,0,0,0,0,0,0,0,0,0,0,0,0,0,0,0,0,0,0,0,0,0,0,0,0,0,0,0,0,0,0,0,0,0,0,0,0,0,0,0,0,0,0,0,0,0
2013020272,2,2013-11-12,15.666666666666666,0.7833333333333333,0.8,0,0,0,4,1,0,0,0,0,13,0,0,0,0,0,4,0,0,0,0,0,4,0,0,0,0,0,2,0,0,1,0,0,1,0,0,0,0,0,0,0,0,0,0,0,0,0,0,4,0,0,0,0,0,0,0,0,0,0,0,21,3,0,0,0,0,0,0,0,0,0,0,10,0,1,0,0,0,0,0,0,0,0,0,4,0,0,0,0,0,0,0,0,0,0,0,15,1,0,0,0,0,0,0,0,0,0,0,6,0,1,0,0,0,0,0,0,0,0,0,4,0,0,0,0,0,0,0,0,0,0,0,13,0,0,0,0,0,0,0,0,0,0,0,6,0,0,0,0,0,0,0,0,0,0,0,0,0,0,0,0,0,0,0,0,0,0,0,0,0,0,0,0,0,0,0,0,0,0,0,1,0,0,0,0,0,0,0,0,0,0,0,0,0,0,0,0,0,0,0,0,0,0,0,0,0,0,0,0,0,0,0,0,0,0,0,1,0,0,0,0,0,0,0,0,0,0,0,0,0,0,0,0,0,0,0,0,0,0,0,0,0,0,0,0,0,0,0,0,0,0,0,1,0,0,0,0,0,0,0,0,0,0,0,0,0,0,0,0,0,0,0,0,0,0,0,0,0,0,0,0,0,0,0,0,0,0,0,0,0,0,0,0,0,0,0,0,0,0,0
2013020281,2,2013-11-14,11.35,2.5,1.75,0,0,0,4,5,0,0,0,0,4,1,2,1,0,0,4,0,0,2,0,0,2,1,0,0,0,0,0,1,0,0,0,0,0,0,0,2,0,0,2,0,0,0,0,0,0,0,0,0,2,0,0,0,0,0,0,0,0,0,0,13,8,1,0,0,0,1,1,0,0,0,0,8,0,4,0,0,0,0,0,0,0,0,0,0,1,0,0,0,0,0,0,0,0,0,0,9,6,1,0,0,0,1,1,0,0,0,0,5,0,4,0,0,0,0,0,0,0,0,0,0,0,0,0,0,0,0,0,0,0,0,0,7,3,0,0,0,0,1,1,0,0,0,0,4,0,3,0,0,0,0,0,0,0,0,0,0,0,0,0,0,0,0,0,0,0,0,0,1,2,0,0,0,0,1,0,0,0,0,0,0,0,0,0,0,0,0,0,0,0,0,0,0,2,0,0,0,0,0,0,0,0,0,0,1,2,0,0,0,0,1,0,0,0,0,0,0,0,0,0,0,0,0,0,0,0,0,0,1,0,0,0,0,0,1,0,0,0,0,0,1,2,0,0,0,0,1,0,0,0,0,0,0,0,0,0,0,0,0,0,0,0,0,0,0,0,0,0,0,0,0,0,0,0,0,0,1,1,0,0,0,0,0,0,0,0,0,0,0,0,0,0,0,0,0,0,0,0,0,0
2013020298,2,2013-11-16,11.75,3.8833333333333333,1.6,0,0,0,4,3,0,0,0,0,6,5,0,0,0,0,4,1,0,0,0,0,3,0,0,2,1,0,3,1,1,0,0,0,2,0,0,0,0,0,4,0,2,2,0,0,2,0,0,2,2,0,0,0,0,1,0,0,0,0,0,11,8,0,0,0,0,1,0,0,0,0,0,10,2,1,1,0,0,0,0,1,0,0,0,2,2,0,0,0,0,1,0,0,0,0,0,8,7,0,0,0,0,1,0,0,0,0,0,8,2,0,1,0,0,0,0,1,0,0,0,2,2,0,0,0,0,1,0,0,0,0,0,5,7,0,0,0,0,1,0,0,0,0,0,5,1,0,1,0,0,0,0,1,0,0,0,0,1,0,0,0,0,0,0,0,0,0,0,1,1,0,0,0,0,0,0,0,0,0,0,0,1,0,0,0,0,0,0,0,0,0,0,0,0,0,0,0,0,0,0,0,0,0,0,1,1,0,0,0,0,0,0,0,0,0,0,0,1,0,0,0,0,0,0,0,0,0,0,0,0,0,0,0,0,0,0,0,0,0,0,1,1,0,0,0,0,0,0,0,0,0,0,0,0,0,0,0,0,0,0,0,0,0,0,0,0,0,0,0,0,0,0,0,0,0,0,1,0,0,0,0,0,0,0,0,0,0,0,0,0,1,0,0,0,0,0,0,0,0,0
2013020304,2,2013-11-17,13.483333333333333,3.816666666666667,2.4166666666666665,0,0,1,8,5,2,1,0,0,7,2,0,3,1,0,8,1,0,0,0,0,2,0,0,0,0,1,2,0,1,1,0,0,1,0,0,0,2,0,4,2,0,0,0,0,2,2,0,1,2,0,0,0,1,0,0,0,0,0,0,10,8,0,3,0,1,0,0,0,0,0,0,8,0,5,2,0,0,1,0,0,1,0,0,0,1,0,0,0,0,0,0,0,0,0,0,6,4,0,2,0,0,0,0,0,0,0,0,7,0,5,2,0,0,1,0,0,1,0,0,0,1,0,0,0,0,0,0,0,0,0,0,3,4,0,1,0,0,0,0,0,0,0,0,3,0,2,2,0,0,1,0,0,1,0,0,0,0,0,0,0,0,0,0,0,0,0,0,0,0,0,0,0,0,0,0,0,0,0,0,0,0,1,0,0,0,1,0,0,1,0,0,0,0,0,0,0,0,0,0,0,0,0,0,0,0,0,0,0,0,0,0,0,0,0,0,0,0,1,0,0,0,1,0,0,1,0,0,0,0,0,0,0,0,0,0,0,0,0,0,0,0,0,0,0,0,0,0,0,0,0,0,0,0,1,0,0,0,1,0,0,1,0,0,0,0,0,0,0,0,0,0,0,0,0,0,0,0,0,0,0,0,0,0,0,0,0,0,1,0,0,1,0,0,0,0,0,0,0,0
2013020312,2,2013-11-19,13.433333333333334,3.55,1.1666666666666667,0,0,0,3,4,0,0,0,0,10,1,0,0,0,0,1,0,0,1,0,0,4,1,0,0,0,0,1,0,0,0,0,0,0,0,0,0,2,0,0,2,0,0,0,0,0,0,0,5,1,0,0,0,0,0,0,0,0,0,0,17,9,0,2,0,0,0,1,0,0,0,0,13,0,0,2,0,0,0,0,0,0,0,0,5,0,0,0,0,0,0,0,0,0,0,0,12,7,0,2,0,0,0,1,0,0,0,0,9,0,0,2,0,0,0,0,0,0,0,0,4,0,0,0,0,0,0,0,0,0,0,0,9,3,0,1,0,0,0,1,0,0,0,0,4,0,0,1,0,0,0,0,0,0,0,0,0,0,0,0,0,0,0,0,0,0,0,0,0,0,0,0,0,0,0,1,0,0,0,0,0,0,0,0,0,0,0,0,0,0,0,0,0,0,0,0,0,0,0,1,0,0,0,0,0,0,0,0,0,0,0,1,0,0,0,0,0,0,0,0,0,0,0,0,0,0,0,0,0,0,0,0,0,0,0,0,0,0,0,0,0,0,0,0,0,0,0,1,0,0,0,0,0,0,0,0,0,0,0,0,0,0,0,0,0,1,0,0,0,0,0,0,0,0,0,0,0,1,0,0,0,0,0,0,0,0,0,0,0,0,0,0,0,0,0,0,0,0,0,0
2013020326,2,2013-11-21,21.066666666666666,1.25,1.1333333333333333,0,0,0,12,0,0,0,0,0,11,1,0,1,0,0,7,0,0,3,0,0,12,0,0,0,0,0,2,0,1,0,0,0,1,0,0,0,0,0,0,0,0,0,0,0,0,0,0,1,0,0,1,0,0,0,0,0,0,0,0,18,2,0,2,0,0,0,1,0,0,0,0,18,0,2,1,0,0,0,0,0,0,0,0,1,0,0,1,0,0,0,0,0,0,0,0,14,1,0,2,0,0,0,1,0,0,0,0,12,0,2,1,0,0,0,0,0,0,0,0,1,0,0,1,0,0,0,0,0,0,0,0,11,1,0,2,0,0,0,1,0,0,0,0,7,0,2,1,0,0,0,0,0,0,0,0,0,0,0,0,0,0,0,0,0,0,0,0,1,0,0,0,0,0,0,0,0,0,0,0,0,0,0,0,0,0,0,0,0,0,0,0,0,0,0,0,0,0,0,0,0,0,0,0,1,0,0,0,0,0,0,0,0,0,0,0,0,0,0,0,0,0,0,0,0,0,0,0,0,0,0,0,0,0,0,0,0,0,0,0,0,0,0,0,0,0,0,0,0,0,0,0,0,0,0,0,0,0,0,0,0,0,0,0,0,0,0,0,0,0,0,0,0,0,0,0,1,1,0,0,0,0,0,0,0,0,0,0,0,0,0,0,0,0,0,0,0,0,0,0
2013020347,2,2013-11-23,14.533333333333333,2.35,1.25,0,0,0,5,4,1,0,0,0,7,0,0,1,0,0,4,0,0,1,0,0,8,0,0,0,0,0,0,0,0,0,0,0,1,0,0,0,0,0,4,0,0,0,0,0,4,0,0,2,0,0,0,0,0,0,1,0,0,0,0,13,5,0,1,0,0,0,1,0,0,0,0,15,2,2,2,0,0,0,0,0,0,0,0,1,0,0,0,0,0,0,1,0,0,0,0,10,4,0,1,0,0,0,1,0,0,0,0,11,2,2,2,0,0,0,0,0,0,0,0,1,0,0,0,0,0,0,1,0,0,0,0,7,1,0,1,0,0,0,1,0,0,0,0,8,2,1,1,0,0,0,0,0,0,0,0,1,0,0,0,0,0,0,0,0,0,0,0,1,1,0,0,0,0,0,0,0,0,0,0,1,0,0,0,0,0,0,0,0,0,0,0,0,0,0,0,0,0,0,0,0,0,0,0,1,1,0,0,0,0,0,0,0,0,0,0,1,0,0,0,0,0,0,0,0,0,0,0,1,0,0,0,0,0,0,0,0,0,0,0,1,1,0,0,0,0,0,0,0,0,0,0,1,0,0,0,0,0,0,0,0,0,0,0,0,0,0,0,0,0,0,0,0,0,0,0,0,1,0,0,0,0,0,0,0,0,0,0,0,0,0,0,0,0,0,0,0,0,0,0
2013020360,2,2013-11-25,14.866666666666667,2.7666666666666666,1.8333333333333333,0,0,0,8,3,0,0,0,0,6,1,1,1,0,0,7,0,0,1,0,0,9,1,0,1,0,0,2,0,0,0,0,0,0,0,0,0,0,0,0,0,0,0,0,0,2,0,0,3,0,0,0,0,0,0,0,0,0,0,0,15,3,0,0,0,0,1,0,0,0,0,0,7,0,3,0,0,0,0,0,0,0,0,0,3,0,0,0,0,0,0,0,0,0,0,0,12,3,0,0,0,0,1,0,0,0,0,0,7,0,2,0,0,0,0,0,0,0,0,0,1,0,0,0,0,0,0,0,0,0,0,0,7,2,0,0,0,0,1,0,0,0,0,0,6,0,1,0,0,0,0,0,0,0,0,0,0,0,0,0,0,0,0,0,0,0,0,0,0,0,0,0,0,0,1,0,0,0,0,0,0,0,0,0,0,0,0,0,0,0,0,0,0,0,0,0,0,0,0,0,0,0,0,0,0,0,0,0,0,0,1,0,0,0,0,0,0,0,0,0,0,0,0,0,0,0,0,0,0,0,0,0,0,0,1,0,0,0,0,0,0,0,0,0,0,0,1,0,0,0,0,0,0,0,0,0,0,0,0,0,0,0,0,0,0,0,0,0,0,0,0,0,0,0,0,0,1,0,0,0,0,0,0,0,0,0,0,0,0,0,0,0,0,0,0,0,0,0,0,0
2013020375,2,2013-11-27,13.133333333333333,0.6,1.8,0,0,0,3,1,0,0,0,0,10,0,2,2,0,0,7,0,0,2,0,0,11,0,0,3,0,0,3,0,1,0,0,0,0,0,0,2,0,0,2,0,2,0,0,0,4,0,0,1,0,0,0,0,0,0,0,0,0,0,0,12,2,0,0,0,0,0,0,0,0,0,0,8,1,3,1,0,0,0,0,0,0,0,0,1,0,0,0,0,0,0,0,0,0,0,0,10,2,0,0,0,0,0,0,0,0,0,0,3,1,2,0,0,0,0,0,0,0,0,0,1,0,0,0,0,0,0,0,0,0,0,0,8,2,0,0,0,0,0,0,0,0,0,0,1,1,2,0,0,0,0,0,0,0,0,0,0,0,0,0,0,0,0,0,0,0,0,0,1,1,0,0,0,0,0,0,0,0,0,0,0,0,0,0,0,0,0,0,0,0,0,0,1,0,0,0,0,0,0,0,0,0,0,0,1,1,0,0,0,0,0,0,0,0,0,0,0,0,0,0,0,0,0,0,0,0,0,0,0,0,0,0,0,0,0,0,0,0,0,0,1,1,0,0,0,0,0,0,0,0,0,0,0,0,0,0,0,0,0,0,0,0,0,0,0,0,0,0,0,0,0,0,0,0,0,0,0,0,0,0,0,0,0,0,0,0,0,0,0,0,0,0,0,0,0,0,0,0,0,0
2013020385,2,2013-11-29,13.833333333333334,5.516666666666667,1.1333333333333333,0,1,0,10,4,0,0,0,0,8,1,0,1,0,0,5,0,0,3,1,0,7,2,0,0,0,0,2,0,0,0,0,0,2,0,0,0,0,0,4,0,0,2,0,0,14,2,0,5,1,0,0,0,0,1,0,0,0,0,0,16,14,0,1,0,0,2,0,0,0,0,0,15,2,1,2,0,0,2,0,0,0,0,0,3,1,0,0,0,0,1,0,0,0,0,0,11,6,0,1,0,0,1,0,0,0,0,0,10,2,1,1,0,0,0,0,0,0,0,0,0,1,0,0,0,0,1,0,0,0,0,0,5,5,0,1,0,0,1,0,0,0,0,0,9,1,0,0,0,0,0,0,0,0,0,0,0,0,0,0,0,0,0,0,0,0,0,0,0,1,0,0,0,0,0,0,0,0,0,0,2,0,0,0,0,0,0,0,0,0,0,0,0,0,0,0,0,0,0,0,0,0,0,0,0,1,0,0,0,0,0,0,0,0,0,0,2,0,0,0,0,0,0,0,0,0,0,0,0,0,0,0,0,0,0,0,0,0,0,0,0,1,0,0,0,0,0,0,0,0,0,0,2,0,0,0,0,0,0,0,0,0,0,0,1,0,0,0,0,0,0,0,0,0,0,0,2,0,0,0,0,0,0,0,0,0,0,0,2,0,0,0,0,0,0,0,0,0,0,0
2013020409,2,2013-12-02,15.05,2.95,1.55,0,0,0,6,2,0,0,0,0,8,2,1,0,0,0,10,0,0,3,1,0,19,3,1,0,0,1,1,0,1,0,0,0,4,1,1,0,0,0,4,0,0,0,0,0,2,0,0,0,0,0,0,0,0,0,0,0,0,0,0,5,3,0,1,1,0,0,0,0,0,0,0,12,0,1,1,0,0,1,0,0,0,0,0,0,0,0,0,0,0,0,0,0,0,0,0,5,3,0,1,1,0,0,0,0,0,0,0,10,0,1,1,0,0,1,0,0,0,0,0,0,0,0,0,0,0,0,0,0,0,0,0,2,2,0,1,1,0,0,0,0,0,0,0,6,0,0,1,0,0,0,0,0,0,0,0,0,0,0,0,0,0,0,0,0,0,0,0,0,0,0,1,0,0,0,0,0,0,0,0,1,0,0,0,0,0,0,0,0,0,0,0,0,0,0,0,0,0,0,0,0,0,0,0,0,0,0,1,0,0,0,0,0,0,0,0,1,0,0,0,0,0,0,0,0,0,0,0,0,0,0,0,0,0,0,0,0,0,0,0,0,0,0,0,0,0,0,0,0,0,0,0,1,0,0,0,0,0,0,0,0,0,0,0,0,0,0,0,0,0,0,0,0,0,0,0,0,0,0,0,0,0,0,0,0,0,0,0,1,0,0,0,0,0,0,0,0,0,0,0
2013020428,2,2013-12-05,13.45,3.0166666666666666,1,0,0,0,5,1,0,0,0,0,6,3,0,1,0,0,9,0,0,1,0,0,3,0,0,1,0,0,2,0,0,0,0,0,0,0,0,0,0,0,0,0,2,0,0,0,2,0,0,2,0,0,0,0,0,0,0,0,0,0,0,12,4,0,0,0,0,0,1,0,0,0,0,11,1,1,0,0,0,0,0,0,0,0,0,1,0,0,0,0,0,0,0,0,0,0,0,10,2,0,0,0,0,0,1,0,0,0,0,10,1,0,0,0,0,0,0,0,0,0,0,1,0,0,0,0,0,0,0,0,0,0,0,7,2,0,0,0,0,0,1,0,0,0,0,7,0,0,0,0,0,0,0,0,0,0,0,0,0,0,0,0,0,0,0,0,0,0,0,1,1,0,0,0,0,0,1,0,0,0,0,0,0,0,0,0,0,0,0,0,0,0,0,0,0,0,0,0,0,0,1,0,0,0,0,1,1,0,0,0,0,0,1,0,0,0,0,0,0,0,0,0,0,0,0,0,0,0,0,1,0,0,0,0,0,0,0,0,0,0,0,1,1,0,0,0,0,0,1,0,0,0,0,0,0,0,0,0,0,0,0,0,0,0,0,0,0,0,0,0,0,0,0,0,0,0,0,0,1,0,0,0,0,0,0,0,0,0,0,0,0,0,0,0,0,0,0,0,0,0,0
2013020445,2,2013-12-07,12.916666666666666,5.983333333333333,1.15,0,0,0,11,2,1,0,1,0,8,5,0,1,0,0,6,1,0,0,0,0,1,0,0,0,0,0,2,0,0,0,0,0,0,1,0,0,0,0,0,0,2,0,0,0,2,0,0,1,1,0,0,0,0,0,0,0,0,0,0,11,6,0,0,0,0,0,0,0,0,0,0,5,1,2,1,0,0,0,0,0,0,0,0,1,1,0,0,0,0,0,0,0,0,0,0,11,5,0,0,0,0,0,0,0,0,0,0,5,1,2,1,0,0,0,0,0,0,0,0,0,1,0,0,0,0,0,0,0,0,0,0,6,4,0,0,0,0,0,0,0,0,0,0,5,0,2,1,0,0,0,0,0,0,0,0,0,0,0,0,0,0,0,0,0,0,0,0,1,0,0,0,0,0,0,0,0,0,0,0,1,0,1,1,0,0,0,0,0,0,0,0,1,0,0,0,0,0,0,0,0,0,0,0,1,0,0,0,0,0,0,0,0,0,0,0,1,0,1,0,0,0,0,0,0,0,0,0,0,0,0,0,0,0,0,0,0,0,0,0,1,0,0,0,0,0,0,0,0,0,0,0,0,0,1,0,0,0,0,0,0,0,0,0,0,0,0,0,0,0,0,0,0,0,0,0,0,0,0,0,0,0,0,0,0,0,0,0,0,0,0,0,0,0,0,0,0,0,0,0
2013020464,2,2013-12-10,16.65,1.8666666666666667,2.033333333333333,0,0,0,12,1,1,0,0,0,7,3,4,1,0,0,5,0,0,1,1,0,7,1,0,0,0,0,0,0,0,0,0,0,0,0,0,0,0,0,6,0,0,0,0,0,6,0,0,1,0,0,0,0,0,0,0,0,0,0,0,14,2,0,0,0,0,0,0,0,0,0,0,5,0,5,0,0,0,0,0,1,0,0,0,1,0,0,0,0,0,0,0,0,0,0,0,6,1,0,0,0,0,0,0,0,0,0,0,4,0,3,0,0,0,0,0,1,0,0,0,0,0,0,0,0,0,0,0,0,0,0,0,4,1,0,0,0,0,0,0,0,0,0,0,3,0,3,0,0,0,0,0,1,0,0,0,0,0,0,0,0,0,0,0,0,0,0,0,1,1,0,0,0,0,0,0,0,0,0,0,0,0,0,0,0,0,0,0,0,0,0,0,1,0,0,0,0,0,0,0,0,0,0,0,1,1,0,0,0,0,0,0,0,0,0,0,0,0,0,0,0,0,0,0,0,0,0,0,0,0,0,0,0,0,0,0,0,0,0,0,1,0,0,0,0,0,0,0,0,0,0,0,0,0,0,0,0,0,0,0,0,0,0,0,0,0,0,0,0,0,0,0,0,0,0,0,0,0,0,0,0,0,0,0,0,0,0,0,0,0,1,0,0,0,0,0,0,0,0,0
2013020477,2,2013-12-12,14.4,1.8,1.2166666666666666,0,0,0,10,2,0,0,0,0,6,0,0,1,0,0,3,0,0,3,0,0,7,0,0,1,0,0,5,0,0,1,0,0,2,0,0,0,0,0,0,0,0,0,0,0,2,0,0,3,0,0,0,0,0,0,0,0,0,0,0,16,4,0,0,0,0,0,0,0,0,0,0,6,0,3,2,0,0,0,0,0,0,0,0,3,0,0,0,0,0,0,0,0,0,0,0,15,2,0,0,0,0,0,0,0,0,0,0,5,0,2,2,0,0,0,0,0,0,0,0,3,0,0,0,0,0,0,0,0,0,0,0,13,1,0,0,0,0,0,0,0,0,0,0,5,0,2,2,0,0,0,0,0,0,0,0,0,0,0,0,0,0,0,0,0,0,0,0,3,0,0,0,0,0,0,0,0,0,0,0,2,0,0,1,0,0,0,0,0,0,0,0,1,0,0,0,0,0,0,0,0,0,0,0,2,0,0,0,0,0,0,0,0,0,0,0,2,0,0,0,0,0,0,0,0,0,0,0,0,0,0,0,0,0,0,0,0,0,0,0,2,0,0,0,0,0,0,0,0,0,0,0,1,0,0,0,0,0,0,0,0,0,0,0,0,0,0,0,0,0,0,0,0,0,0,0,0,0,0,0,0,0,0,0,0,0,0,0,0,0,0,0,0,0,0,0,0,0,0,0
2013020494,2,2013-12-14,13.483333333333333,1.8833333333333333,4.716666666666667,0,0,0,7,0,1,0,0,0,7,2,4,1,0,0,6,0,2,1,0,0,10,0,0,0,0,0,1,0,0,0,0,0,0,1,0,0,0,0,2,0,0,0,0,0,6,0,0,1,0,0,0,0,0,0,0,0,0,0,0,12,4,0,1,0,0,0,0,0,0,0,0,13,1,8,1,0,0,0,0,0,0,0,0,1,0,0,0,0,0,0,0,0,0,0,0,7,2,0,1,0,0,0,0,0,0,0,0,9,1,5,0,0,0,0,0,0,0,0,0,1,0,0,0,0,0,0,0,0,0,0,0,5,2,0,0,0,0,0,0,0,0,0,0,6,1,4,0,0,0,0,0,0,0,0,0,0,0,0,0,0,0,0,0,0,0,0,0,0,0,0,0,0,0,0,0,0,0,0,0,2,0,0,0,0,0,0,0,0,0,0,0,0,0,0,0,0,0,0,0,0,0,0,0,0,0,0,0,0,0,0,0,0,0,0,0,1,0,0,0,0,0,0,0,0,0,0,0,0,0,0,0,0,0,0,0,0,0,0,0,0,0,0,0,0,0,0,0,0,0,0,0,0,0,0,0,0,0,0,0,0,0,0,0,0,0,0,0,0,0,0,0,0,0,0,0,0,0,0,0,0,0,0,0,0,0,0,0,0,0,0,0,0,0,0,0,0,0,0,0
2013020507,2,2013-12-16,16.5,1.9,1.6166666666666667,0,0,0,10,0,0,0,0,0,12,0,2,2,0,0,16,0,0,5,1,0,16,1,0,2,0,0,3,0,0,0,0,0,2,0,0,0,0,0,9,0,0,0,0,0,0,7,0,2,1,0,0,0,0,0,1,0,0,0,0,13,3,0,2,0,0,2,1,0,0,0,0,12,0,0,1,0,0,0,0,0,0,0,0,2,1,0,0,0,0,0,0,0,0,0,0,10,3,0,2,0,0,2,0,0,0,0,0,10,0,0,1,0,0,0,0,0,0,0,0,1,0,0,0,0,0,0,0,0,0,0,0,8,2,0,2,0,0,1,0,0,0,0,0,7,0,0,0,0,0,0,0,0,0,0,0,0,0,0,0,0,0,0,0,0,0,0,0,0,0,0,0,0,0,0,0,0,0,0,0,0,0,0,0,0,0,0,0,0,0,0,0,0,0,0,0,0,0,0,0,0,0,0,0,0,0,0,0,0,0,0,0,0,0,0,0,0,0,0,0,0,0,0,0,0,0,0,0,0,0,0,0,0,0,0,0,0,0,0,0,0,0,0,0,0,0,0,0,0,0,0,0,0,0,0,0,0,0,0,0,0,0,0,0,0,1,0,0,0,0,0,0,0,0,0,0,2,1,0,0,0,0,0,0,0,0,0,0,0,0,0,0,0,0,0,0,0,0,0,0
2013020516,2,2013-12-17,17.083333333333332,3.3833333333333333,1.95,1,0,0,11,3,2,0,0,0,7,0,0,1,0,0,5,0,0,1,0,0,4,0,0,1,0,0,2,0,0,0,0,0,1,0,0,0,0,0,4,0,0,0,0,0,0,0,0,0,1,0,0,0,0,0,0,0,0,0,0,13,8,0,1,0,0,0,0,0,0,0,0,9,0,4,1,0,0,2,0,0,0,0,0,0,1,0,0,0,0,0,0,0,0,0,0,8,5,0,1,0,0,0,0,0,0,0,0,7,0,4,1,0,0,2,0,0,0,0,0,0,1,0,0,0,0,0,0,0,0,0,0,6,3,0,1,0,0,0,0,0,0,0,0,6,0,2,0,0,0,1,0,0,0,0,0,0,0,0,0,0,0,0,0,0,0,0,0,1,0,0,0,0,0,0,0,0,0,0,0,0,0,0,0,0,0,1,0,0,0,0,0,0,0,0,0,0,0,0,0,0,0,0,0,1,0,0,0,0,0,0,0,0,0,0,0,0,0,0,0,0,0,1,0,0,0,0,0,0,0,0,0,0,0,0,0,0,0,0,0,1,0,0,0,0,0,0,0,0,0,0,0,0,0,0,0,0,0,1,0,0,0,0,0,0,0,0,0,0,0,0,0,0,0,0,0,0,0,0,0,0,0,0,0,0,0,0,0,2,0,0,0,0,0,0,0,0,0,0,0
2013020530,2,2013-12-19,9.633333333333333,6.216666666666667,3.6,0,0,0,8,3,3,0,1,0,5,3,1,0,0,0,1,0,0,1,0,0,6,0,0,1,0,0,4,0,1,0,0,0,2,0,0,6,0,0,6,0,0,0,0,0,2,0,0,2,0,0,0,0,0,0,1,0,0,0,0,11,6,1,0,0,0,0,1,0,0,0,0,5,0,4,1,0,0,0,0,1,1,0,0,2,0,0,0,0,0,0,1,0,0,0,0,9,4,1,0,0,0,0,1,0,0,0,0,1,0,3,1,0,0,0,0,1,1,0,0,2,0,0,0,0,0,0,1,0,0,0,0,7,3,1,0,0,0,0,1,0,0,0,0,1,0,3,1,0,0,0,0,1,1,0,0,0,0,0,0,0,0,0,0,0,0,0,0,1,0,1,0,0,0,0,0,0,0,0,0,0,0,0,0,0,0,0,0,0,1,0,0,1,0,1,0,0,0,0,0,0,0,0,0,1,0,1,0,0,0,0,0,0,0,0,0,0,0,0,0,0,0,0,0,0,1,0,0,0,0,0,0,0,0,0,0,0,0,0,0,1,0,0,0,0,0,0,0,0,0,0,0,0,0,0,0,0,0,0,0,0,0,0,0,0,0,0,0,0,0,0,0,0,0,0,0,0,1,0,0,0,0,0,0,0,0,0,0,0,0,1,1,0,0,0,0,0,0,0,0
2013020549,2,2013-12-21,12.616666666666667,4.35,3.466666666666667,0,0,0,7,3,0,0,0,0,6,2,2,0,0,0,6,0,0,2,0,0,3,0,0,0,0,0,2,0,0,0,1,0,2,2,0,0,0,0,2,0,2,0,0,0,2,0,0,1,0,0,0,0,0,0,0,0,0,0,0,8,3,0,1,0,0,0,0,0,0,0,0,12,0,5,1,0,0,0,0,0,0,0,0,1,0,0,0,0,0,0,0,0,0,0,0,6,3,0,1,0,0,0,0,0,0,0,0,5,0,4,1,0,0,0,0,0,0,0,0,0,0,0,0,0,0,0,0,0,0,0,0,4,2,0,1,0,0,0,0,0,0,0,0,2,0,2,0,0,0,0,0,0,0,0,0,0,0,0,0,0,0,0,0,0,0,0,0,1,0,0,0,0,0,0,0,0,0,0,0,0,0,0,0,0,0,0,0,0,0,0,0,1,0,0,0,0,0,0,0,0,0,0,0,1,0,0,0,0,0,0,0,0,0,0,0,0,0,0,0,0,0,0,0,0,0,0,0,0,0,0,0,0,0,0,0,0,0,0,0,0,0,0,0,0,0,0,0,0,0,0,0,0,0,0,0,0,0,0,0,0,0,0,0,0,0,0,0,0,0,0,0,0,0,0,0,0,0,0,0,0,0,0,0,0,0,0,0,0,0,0,0,0,0,0,0,0,0,0,0
2013020563,2,2013-12-23,13.533333333333333,3.25,3.5166666666666666,0,0,0,11,3,3,0,0,1,4,2,3,0,0,0,4,0,1,0,1,0,2,1,0,0,0,0,3,0,0,0,0,0,2,0,0,4,0,0,6,0,0,0,0,0,0,0,0,2,1,0,0,0,0,0,0,0,0,0,0,11,7,0,1,0,0,0,0,0,0,0,0,10,1,8,0,0,0,1,0,1,0,0,0,2,1,0,0,0,0,0,0,0,0,0,0,11,3,0,1,0,0,0,0,0,0,0,0,7,1,5,0,0,0,1,0,1,0,0,0,2,1,0,0,0,0,0,0,0,0,0,0,9,2,0,1,0,0,0,0,0,0,0,0,4,1,5,0,0,0,1,0,1,0,0,0,0,0,0,0,0,0,0,0,0,0,0,0,0,0,0,0,0,0,0,0,0,0,0,0,0,0,2,0,0,0,0,0,0,0,0,0,0,0,0,0,0,0,0,0,0,0,0,0,0,0,0,0,0,0,0,0,0,0,0,0,0,0,2,0,0,0,0,0,0,0,0,0,0,0,0,0,0,0,0,0,0,0,0,0,0,0,0,0,0,0,0,0,0,0,0,0,0,0,2,0,0,0,0,0,0,0,0,0,0,0,0,0,0,0,0,0,0,0,0,0,0,0,0,0,0,0,0,0,0,0,0,0,1,0,1,0,0,0,0,0,0,0,0,0
2013020581,2,2013-12-28,18.866666666666667,3.316666666666667,0.4666666666666667,0,0,0,11,0,0,1,0,0,9,3,0,3,0,0,11,1,0,1,2,0,3,2,0,2,0,0,3,0,0,0,0,0,1,0,0,0,0,0,4,0,0,0,0,0,0,0,0,3,1,0,0,0,0,0,0,0,0,0,0,16,3,0,0,0,0,1,0,0,0,0,0,9,2,0,1,0,0,1,0,0,1,0,0,3,1,0,0,0,0,0,0,0,0,0,0,10,2,0,0,0,0,1,0,0,0,0,0,6,2,0,1,0,0,1,0,0,1,0,0,1,1,0,0,0,0,0,0,0,0,0,0,5,1,0,0,0,0,0,0,0,0,0,0,5,2,0,0,0,0,1,0,0,1,0,0,0,0,0,0,0,0,0,0,0,0,0,0,0,0,0,0,0,0,0,0,0,0,0,0,1,0,0,0,0,0,0,0,0,0,0,0,0,0,0,0,0,0,0,0,0,0,0,0,0,0,0,0,0,0,0,0,0,0,0,0,1,0,0,0,0,0,0,0,0,0,0,0,0,0,0,0,0,0,0,0,0,0,0,0,0,0,0,0,0,0,0,0,0,0,0,0,1,0,0,0,0,0,0,0,0,0,0,0,1,0,0,0,0,0,0,0,0,0,0,0,1,0,0,0,0,0,0,0,0,0,0,0,2,0,0,0,0,0,0,0,0,0,0,0
2013020588,2,2013-12-29,18.166666666666668,0.6,2.2333333333333334,2,0,0,7,0,2,2,0,0,10,1,3,2,0,0,8,1,0,0,0,0,7,0,0,1,0,0,3,0,0,0,0,0,0,0,0,0,0,0,2,0,0,2,0,0,6,0,0,5,0,0,1,0,0,2,0,0,0,0,0,12,1,0,2,0,0,2,0,0,0,0,0,12,0,6,2,0,0,0,0,0,0,0,0,4,0,0,1,0,0,1,0,0,0,0,0,8,1,0,1,0,0,1,0,0,0,0,0,6,0,4,1,0,0,0,0,0,0,0,0,1,0,0,1,0,0,0,0,0,0,0,0,4,1,0,1,0,0,0,0,0,0,0,0,3,0,3,1,0,0,0,0,0,0,0,0,0,0,0,1,0,0,0,0,0,0,0,0,0,1,0,1,0,0,0,0,0,0,0,0,0,0,0,0,0,0,0,0,0,0,0,0,0,0,0,0,0,0,0,0,0,0,0,0,0,1,0,0,0,0,0,0,0,0,0,0,0,0,0,0,0,0,0,0,0,0,0,0,0,1,0,0,0,0,0,0,0,0,0,0,0,1,0,0,0,0,0,0,0,0,0,0,0,0,0,0,0,0,0,0,0,0,0,0,0,0,0,0,0,0,0,0,0,0,0,0,1,0,0,1,0,0,0,0,0,0,0,0,0,0,0,0,0,0,0,0,0,0,0,0
2013020601,2,2013-12-31,16.416666666666668,0.85,2.8333333333333335,1,0,0,9,1,2,2,0,0,4,0,1,1,0,0,6,0,1,2,0,0,7,0,0,1,0,0,1,0,0,0,0,0,0,0,0,0,0,0,2,0,0,0,0,0,2,0,0,3,1,0,0,0,0,0,0,0,0,0,0,19,2,0,0,0,0,2,0,0,0,0,0,16,0,6,0,0,0,0,0,0,0,0,0,2,1,0,0,0,0,0,0,0,0,0,0,11,2,0,0,0,0,1,0,0,0,0,0,6,0,5,0,0,0,0,0,0,0,0,0,2,1,0,0,0,0,0,0,0,0,0,0,9,1,0,0,0,0,0,0,0,0,0,0,4,0,2,0,0,0,0,0,0,0,0,0,1,0,0,0,0,0,0,0,0,0,0,0,1,0,0,0,0,0,0,0,0,0,0,0,1,0,0,0,0,0,0,0,0,0,0,0,0,0,0,0,0,0,0,0,0,0,0,0,1,0,0,0,0,0,0,0,0,0,0,0,1,0,0,0,0,0,0,0,0,0,0,0,0,0,0,0,0,0,0,0,0,0,0,0,0,0,0,0,0,0,0,0,0,0,0,0,1,0,0,0,0,0,0,0,0,0,0,0,1,0,0,0,0,0,0,0,0,0,0,0,2,0,0,0,0,0,0,0,0,0,0,0,0,0,0,0,0,0,0,0,0,0,0,0
2013020616,2,2014-01-02,12.316666666666666,2.466666666666667,3.933333333333333,1,1,0,4,2,1,2,1,1,5,3,3,1,0,0,3,0,0,0,0,0,4,1,1,0,0,0,0,0,0,0,0,0,2,0,0,0,0,0,2,0,0,2,0,0,2,0,0,1,0,0,0,0,0,1,1,0,0,0,0,6,5,0,1,0,0,2,1,0,0,0,0,14,1,8,1,0,0,2,0,1,1,0,0,1,0,0,0,0,0,1,1,0,0,0,0,5,3,0,0,0,0,1,1,0,0,0,0,9,1,7,1,0,0,1,0,1,1,0,0,1,0,0,0,0,0,0,1,0,0,0,0,4,2,0,0,0,0,0,1,0,0,0,0,5,1,4,1,0,0,1,0,1,0,0,0,1,0,0,0,0,0,0,1,0,0,0,0,1,0,0,0,0,0,0,1,0,0,0,0,0,0,0,0,0,0,0,0,0,0,0,0,0,0,0,0,0,0,0,0,0,0,0,0,1,0,0,0,0,0,0,1,0,0,0,0,0,0,0,0,0,0,0,0,0,0,0,0,0,0,0,0,0,0,0,0,0,0,0,0,0,0,0,0,0,0,0,1,0,0,0,0,0,0,0,0,0,0,0,0,0,0,0,0,0,0,0,0,0,0,0,0,0,0,0,0,1,1,0,1,0,0,0,0,0,0,0,0,2,0,1,1,0,0,0,0,0,0,0,0
2013020633,2,2014-01-04,16.066666666666666,0.9166666666666666,0.8,0,0,0,10,0,1,0,0,0,6,0,0,1,0,0,3,0,0,2,0,0,7,0,0,0,0,0,1,0,0,0,0,0,1,0,0,2,0,0,2,0,0,0,0,0,2,0,0,3,1,0,0,0,0,0,0,0,0,0,0,14,2,0,0,0,0,3,0,0,0,0,0,12,0,1,0,0,0,0,0,0,0,0,0,1,0,0,0,0,0,0,0,0,0,0,0,9,1,0,0,0,0,3,0,0,0,0,0,10,0,0,0,0,0,0,0,0,0,0,0,0,0,0,0,0,0,0,0,0,0,0,0,5,1,0,0,0,0,3,0,0,0,0,0,10,0,0,0,0,0,0,0,0,0,0,0,0,0,0,0,0,0,0,0,0,0,0,0,1,0,0,0,0,0,2,0,0,0,0,0,1,0,0,0,0,0,0,0,0,0,0,0,0,0,0,0,0,0,1,0,0,0,0,0,1,0,0,0,0,0,2,0,0,0,0,0,1,0,0,0,0,0,0,0,0,0,0,0,0,0,0,0,0,0,1,0,0,0,0,0,1,0,0,0,0,0,2,0,0,0,0,0,1,0,0,0,0,0,0,0,0,0,0,0,0,0,0,0,0,0,0,0,0,0,0,0,3,0,0,0,0,0,0,0,0,0,0,0,0,0,0,0,0,0,0,0,0,0,0,0
2013020653,2,2014-01-07,14.6,3.216666666666667,0,0,0,0,5,1,0,0,0,0,10,2,0,0,0,0,5,0,0,1,0,0,2,0,0,0,0,0,3,0,0,0,0,0,1,0,0,2,0,0,4,0,0,0,0,0,0,0,0,0,2,0,0,0,0,1,0,0,0,0,0,11,7,0,2,1,0,1,0,0,0,0,0,11,1,0,1,0,0,1,0,0,0,0,0,0,1,0,0,0,0,1,0,0,0,0,0,9,4,0,2,1,0,1,0,0,0,0,0,6,1,0,1,0,0,1,0,0,0,0,0,0,1,0,0,0,0,1,0,0,0,0,0,6,3,0,1,1,0,1,0,0,0,0,0,5,1,0,0,0,0,1,0,0,0,0,0,0,0,0,0,0,0,0,0,0,0,0,0,0,0,0,0,1,0,0,0,0,0,0,0,0,0,0,0,0,0,0,0,0,0,0,0,0,0,0,0,0,0,0,0,0,0,0,0,0,0,0,0,1,0,0,0,0,0,0,0,0,0,0,0,0,0,0,0,0,0,0,0,0,0,0,0,0,0,0,0,0,0,0,0,0,0,0,0,0,0,0,0,0,0,0,0,0,0,0,0,0,0,0,0,0,0,0,0,0,0,0,0,0,0,0,0,0,0,0,0,1,0,0,0,0,0,0,0,0,0,0,0,1,0,0,0,0,0,0,0,0,0,0,0
2013020665,2,2014-01-09,9.383333333333333,1.9,3.4,0,0,0,6,2,1,1,0,0,5,2,1,0,0,1,3,0,1,2,0,0,6,0,0,1,0,0,1,0,0,1,0,0,1,0,0,0,0,0,2,0,0,2,0,0,4,0,0,1,0,0,0,0,0,0,0,0,0,0,0,9,2,1,0,0,0,0,0,0,0,0,0,12,0,5,0,0,1,0,0,0,0,0,0,1,0,0,0,0,0,0,0,0,0,0,0,7,2,1,0,0,0,0,0,0,0,0,0,7,0,5,0,0,0,0,0,0,0,0,0,1,0,0,0,0,0,0,0,0,0,0,0,6,1,1,0,0,0,0,0,0,0,0,0,4,0,4,0,0,0,0,0,0,0,0,0,0,0,0,0,0,0,0,0,0,0,0,0,0,0,0,0,0,0,0,0,0,0,0,0,0,0,0,0,0,0,0,0,0,0,0,0,0,0,0,0,0,0,0,0,0,0,0,0,0,0,0,0,0,0,0,0,0,0,0,0,0,0,0,0,0,0,0,0,0,0,0,0,0,0,0,0,0,0,0,0,0,0,0,0,0,0,0,0,0,0,0,0,0,0,0,0,0,0,0,0,0,0,0,0,0,0,0,0,0,0,0,0,0,0,0,0,0,0,0,0,0,0,0,0,0,0,0,0,0,0,0,0,0,0,0,0,0,0,0,0,0,0,0,0
2013020674,2,2014-01-10,16.45,1.4333333333333333,0.4,0,0,0,8,0,0,1,0,0,11,1,0,0,0,0,3,0,0,0,0,0,4,0,0,1,0,0,2,0,0,0,0,0,0,0,0,0,0,0,0,0,0,0,0,0,0,0,0,4,0,0,0,0,0,0,0,0,0,0,0,21,3,1,1,0,0,0,0,0,0,0,0,6,0,0,1,0,0,0,0,0,0,0,0,3,0,0,0,0,0,0,0,0,0,0,0,13,1,0,0,0,0,0,0,0,0,0,0,4,0,0,1,0,0,0,0,0,0,0,0,2,0,0,0,0,0,0,0,0,0,0,0,10,0,0,0,0,0,0,0,0,0,0,0,2,0,0,1,0,0,0,0,0,0,0,0,0,0,0,0,0,0,0,0,0,0,0,0,0,0,0,0,0,0,0,0,0,0,0,0,0,0,0,0,0,0,0,0,0,0,0,0,0,0,0,0,0,0,0,0,0,0,0,0,0,0,0,0,0,0,0,0,0,0,0,0,0,0,0,0,0,0,0,0,0,0,0,0,0,0,0,0,0,0,0,0,0,0,0,0,0,0,0,0,0,0,0,0,0,0,0,0,0,0,0,0,0,0,0,0,0,0,0,0,0,0,0,0,0,0,0,0,0,0,0,0,0,0,0,0,0,0,0,0,0,0,0,0,0,0,0,0,0,0,0,0,0,0,0,0
2013020703,2,2014-01-14,15.75,2.65,1.8333333333333333,0,0,0,8,1,3,0,0,0,12,3,0,1,0,0,5,0,0,1,0,1,8,0,1,0,0,0,2,0,1,0,0,0,0,0,0,0,0,0,0,0,0,0,0,0,0,0,0,3,1,0,0,0,0,0,0,0,0,0,0,5,6,0,0,0,0,0,0,0,0,0,0,10,0,1,0,0,0,1,0,0,0,0,0,1,1,0,0,0,0,0,0,0,0,0,0,3,6,0,0,0,0,0,0,0,0,0,0,8,0,1,0,0,0,1,0,0,0,0,0,1,1,0,0,0,0,0,0,0,0,0,0,3,5,0,0,0,0,0,0,0,0,0,0,6,0,0,0,0,0,0,0,0,0,0,0,1,1,0,0,0,0,0,0,0,0,0,0,1,1,0,0,0,0,0,0,0,0,0,0,0,0,0,0,0,0,0,0,0,0,0,0,0,0,0,0,0,0,0,0,0,0,0,0,1,1,0,0,0,0,0,0,0,0,0,0,0,0,0,0,0,0,0,0,0,0,0,0,0,0,0,0,0,0,0,0,0,0,0,0,1,1,0,0,0,0,0,0,0,0,0,0,0,0,0,0,0,0,0,0,0,0,0,0,0,0,0,0,0,0,0,0,0,0,0,0,0,0,0,0,0,0,0,0,0,0,0,0,1,0,0,0,0,0,0,0,0,0,0,0
2013020715,2,2014-01-16,14.016666666666667,2.7333333333333334,2.283333333333333,0,0,0,7,3,0,0,0,0,6,2,2,1,0,0,10,0,0,2,0,0,10,0,0,1,0,0,1,0,1,0,0,0,0,0,1,0,0,0,2,0,0,2,0,0,4,0,0,4,1,1,0,0,0,0,0,0,0,0,0,8,5,1,0,0,0,0,0,0,0,0,0,6,1,6,0,0,1,1,0,0,0,0,0,3,0,1,0,0,0,0,0,0,0,0,0,6,4,1,0,0,0,0,0,0,0,0,0,4,1,3,0,0,1,1,0,0,0,0,0,3,0,0,0,0,0,0,0,0,0,0,0,5,3,0,0,0,0,0,0,0,0,0,0,4,1,3,0,0,0,0,0,0,0,0,0,1,0,0,0,0,0,0,0,0,0,0,0,0,0,0,0,0,0,0,0,0,0,0,0,0,1,0,0,0,0,0,0,0,0,0,0,0,0,0,0,0,0,0,0,0,0,0,0,0,0,0,0,0,0,0,0,0,0,0,0,0,1,0,0,0,0,0,0,0,0,0,0,0,0,0,0,0,0,0,0,0,0,0,0,0,0,0,0,0,0,0,0,0,0,0,0,0,1,0,0,0,0,0,0,0,0,0,0,0,0,0,0,0,0,0,0,0,0,0,0,0,0,0,0,0,0,0,0,0,0,0,0,1,0,0,0,0,0,0,0,0,0,0,0
2013020731,2,2014-01-18,16.383333333333333,1.6333333333333333,0.6166666666666667,0,0,1,10,2,1,2,0,0,12,0,1,1,0,0,5,0,0,1,0,0,7,0,0,0,1,0,2,1,0,0,0,0,3,0,0,0,0,0,0,0,2,0,0,0,2,2,0,3,0,0,0,0,0,0,0,0,0,0,0,15,3,0,1,0,0,0,0,0,0,0,0,8,0,1,2,0,0,1,0,0,0,0,0,3,0,0,0,0,0,0,0,0,0,0,0,8,2,0,0,0,0,0,0,0,0,0,0,6,0,0,1,0,0,1,0,0,0,0,0,3,0,0,0,0,0,0,0,0,0,0,0,5,2,0,0,0,0,0,0,0,0,0,0,4,0,0,1,0,0,0,0,0,0,0,0,0,0,0,0,0,0,0,0,0,0,0,0,0,1,0,0,0,0,0,0,0,0,0,0,0,0,0,0,0,0,0,0,0,0,0,0,0,1,0,0,0,0,0,0,0,0,0,0,0,1,0,0,0,0,0,0,0,0,0,0,0,0,0,0,0,0,0,0,0,0,0,0,0,0,0,0,0,0,0,0,0,0,0,0,0,1,0,0,0,0,0,0,0,0,0,0,0,0,0,0,0,0,0,0,0,0,0,0,0,0,0,0,0,0,0,0,0,0,0,0,0,0,0,0,0,0,0,0,0,0,0,0,1,0,0,0,0,0,0,0,0,0,0,0
2013020742,2,2014-01-20,11.5,3.2,2.566666666666667,1,0,0,4,2,0,0,1,1,8,4,2,0,0,0,3,0,0,2,0,2,6,0,2,1,0,1,2,0,1,0,0,0,1,0,0,0,0,0,0,0,0,0,0,0,2,2,0,0,1,1,0,0,0,0,1,0,0,0,0,5,11,1,0,0,0,0,2,0,0,0,0,12,0,2,0,1,0,1,0,0,0,0,0,0,0,1,0,0,0,0,1,0,0,0,0,3,8,1,0,0,0,0,2,0,0,0,0,10,0,2,0,1,0,1,0,0,0,0,0,0,0,1,0,0,0,0,1,0,0,0,0,3,7,1,0,0,0,0,2,0,0,0,0,6,0,1,0,1,0,0,0,0,0,0,0,0,0,0,0,0,0,0,0,0,0,0,0,0,0,0,0,0,0,0,0,0,0,0,0,0,0,0,0,0,0,0,0,0,0,0,0,0,0,0,0,0,0,0,0,0,0,0,0,0,0,0,0,0,0,0,0,0,0,0,0,0,0,0,0,0,0,0,0,0,0,0,0,0,0,0,0,0,0,0,0,0,0,0,0,0,0,0,0,0,0,0,0,0,0,0,0,0,0,0,0,0,0,0,0,0,0,0,0,0,0,0,0,0,0,0,0,0,0,0,0,0,2,0,0,0,0,0,0,0,0,0,0,1,0,0,0,0,0,0,0,0,0,0,0
2013020747,2,2014-01-21,13.366666666666667,1.6,1.9833333333333334,1,0,0,7,0,1,0,0,0,3,2,0,3,0,0,8,1,0,2,0,0,6,0,0,0,0,1,0,0,1,0,0,0,0,0,0,2,0,0,4,0,0,0,0,0,4,0,0,2,0,0,0,0,0,0,0,0,0,0,0,5,0,0,0,0,0,0,0,0,0,0,0,7,0,3,0,0,0,2,0,0,0,0,0,1,0,0,0,0,0,0,0,0,0,0,0,3,0,0,0,0,0,0,0,0,0,0,0,6,0,3,0,0,0,2,0,0,0,0,0,1,0,0,0,0,0,0,0,0,0,0,0,3,0,0,0,0,0,0,0,0,0,0,0,5,0,3,0,0,0,1,0,0,0,0,0,0,0,0,0,0,0,0,0,0,0,0,0,0,0,0,0,0,0,0,0,0,0,0,0,0,0,2,0,0,0,0,0,0,0,0,0,0,0,0,0,0,0,0,0,0,0,0,0,0,0,0,0,0,0,0,0,0,0,0,0,0,0,2,0,0,0,0,0,0,0,0,0,0,0,0,0,0,0,0,0,0,0,0,0,0,0,0,0,0,0,0,0,0,0,0,0,0,0,2,0,0,0,0,0,0,0,0,0,0,0,0,0,0,0,0,0,0,0,0,0,0,0,0,0,0,0,0,0,0,0,0,0,2,0,0,0,0,0,0,0,0,0,0,0
2013020760,2,2014-01-23,15.016666666666667,1.2666666666666666,1.75,2,0,0,4,1,1,1,0,0,8,0,0,0,0,0,6,0,0,3,0,0,9,0,0,1,0,0,2,0,0,0,1,0,0,2,0,4,0,0,4,0,0,2,0,0,2,0,0,4,0,0,0,0,0,0,0,0,0,0,0,13,1,0,2,0,0,0,0,0,0,0,0,14,1,2,0,0,0,2,0,0,0,0,0,3,0,0,0,0,0,0,0,0,0,0,0,10,1,0,1,0,0,0,0,0,0,0,0,12,1,1,0,0,0,1,0,0,0,0,0,1,0,0,0,0,0,0,0,0,0,0,0,5,1,0,1,0,0,0,0,0,0,0,0,10,1,0,0,0,0,1,0,0,0,0,0,0,0,0,0,0,0,0,0,0,0,0,0,0,1,0,0,0,0,0,0,0,0,0,0,0,0,0,0,0,0,0,0,0,0,0,0,0,0,0,0,0,0,0,0,0,0,0,0,0,1,0,0,0,0,0,0,0,0,0,0,0,0,0,0,0,0,0,0,0,0,0,0,0,0,0,0,0,0,0,0,0,0,0,0,0,1,0,0,0,0,0,0,0,0,0,0,0,0,0,0,0,0,0,0,0,0,0,0,0,0,0,0,0,0,0,0,0,0,0,0,0,0,0,0,0,0,0,0,0,0,0,0,2,0,0,0,0,0,0,0,0,0,0,0
2013020775,2,2014-01-25,10.866666666666667,1.9666666666666666,2.3666666666666667,0,0,1,6,2,2,2,0,0,9,0,0,2,0,0,3,0,0,0,0,0,4,0,0,0,0,0,1,0,1,0,0,0,0,0,0,0,0,0,0,0,0,0,0,0,2,0,0,4,1,0,0,0,0,1,0,0,0,0,0,13,3,0,0,0,0,2,0,0,0,0,0,7,0,2,0,0,0,1,0,0,0,0,0,3,1,0,0,0,0,1,0,0,0,0,0,8,2,0,0,0,0,2,0,0,0,0,0,5,0,1,0,0,0,1,0,0,0,0,0,2,1,0,0,0,0,1,0,0,0,0,0,7,2,0,0,0,0,2,0,0,0,0,0,5,0,1,0,0,0,1,0,0,0,0,0,0,0,0,0,0,0,1,0,0,0,0,0,0,0,0,0,0,0,1,0,0,0,0,0,0,0,0,0,0,0,0,0,0,0,0,0,0,0,0,0,0,0,0,0,0,0,0,0,0,0,0,0,0,0,1,0,0,0,0,0,0,0,0,0,0,0,0,0,0,0,0,0,0,0,0,0,0,0,0,0,0,0,0,0,0,0,0,0,0,0,1,0,0,0,0,0,0,0,0,0,0,0,0,0,0,0,0,0,1,0,0,0,0,0,0,0,0,0,0,0,2,0,0,0,0,0,0,0,0,0,0,0,1,0,0,0,0,0,0,0,0,0,0,0
2013020801,2,2014-01-28,9.616666666666667,4.45,0.65,2,0,0,3,1,0,1,0,0,6,2,1,0,0,0,1,0,0,0,0,0,2,0,0,1,0,1,2,0,1,1,0,0,2,0,0,0,0,0,2,0,0,2,0,0,0,0,0,1,0,0,1,0,0,0,0,0,0,0,0,9,6,0,1,0,0,1,0,0,0,0,0,8,1,0,1,0,0,1,0,0,0,0,0,1,0,0,0,0,0,0,0,0,0,0,0,5,3,0,0,0,0,1,0,0,0,0,0,6,1,0,1,0,0,0,0,0,0,0,0,1,0,0,0,0,0,0,0,0,0,0,0,3,2,0,0,0,0,1,0,0,0,0,0,2,0,0,0,0,0,0,0,0,0,0,0,0,0,0,0,0,0,0,0,0,0,0,0,0,0,0,0,0,0,0,0,0,0,0,0,0,0,0,0,0,0,0,0,0,0,0,0,0,0,0,0,0,0,0,0,0,0,0,0,0,0,0,0,0,0,0,0,0,0,0,0,0,0,0,0,0,0,0,0,0,0,0,0,0,0,0,0,0,0,0,0,0,0,0,0,0,0,0,0,0,0,0,0,0,0,0,0,0,0,0,0,0,0,0,0,0,0,0,0,0,0,0,0,0,0,0,0,0,0,0,0,1,0,0,0,0,0,0,0,0,0,0,0,1,0,0,0,0,0,0,0,0,0,0,0
2013020820,2,2014-01-31,13.933333333333334,3.85,1.95,2,0,0,6,2,0,2,0,0,7,4,0,0,0,0,4,1,0,2,0,1,6,0,2,0,1,0,2,1,0,0,0,0,2,1,0,0,0,0,2,0,0,2,0,0,2,0,0,1,1,0,0,0,0,0,0,0,0,0,0,11,9,0,0,0,0,1,0,0,0,0,0,5,0,3,1,0,0,0,0,0,0,0,0,1,1,0,0,0,0,0,0,0,0,0,0,9,8,0,0,0,0,0,0,0,0,0,0,5,0,2,1,0,0,0,0,0,0,0,0,0,1,0,0,0,0,0,0,0,0,0,0,4,5,0,0,0,0,0,0,0,0,0,0,4,0,1,1,0,0,0,0,0,0,0,0,0,0,0,0,0,0,0,0,0,0,0,0,0,1,0,0,0,0,0,0,0,0,0,0,1,0,0,0,0,0,0,0,0,0,0,0,0,0,0,0,0,0,0,0,0,0,0,0,0,1,0,0,0,0,0,0,0,0,0,0,0,0,0,0,0,0,0,0,0,0,0,0,0,1,0,0,0,0,0,0,0,0,0,0,0,1,0,0,0,0,0,0,0,0,0,0,0,0,0,0,0,0,0,0,0,0,0,0,0,0,0,0,0,0,0,0,0,0,0,0,1,0,0,0,0,0,0,0,0,0,0,0,0,0,0,0,0,0,0,0,0,0,0,0
2013020830,2,2014-02-01,14.883333333333333,3.05,0.8833333333333333,1,0,0,6,3,0,1,0,0,6,0,0,1,0,0,4,0,0,0,0,0,8,0,0,1,0,0,3,0,0,0,0,0,0,1,0,0,0,0,0,0,0,0,0,0,0,0,0,3,0,0,0,0,0,0,0,0,0,0,0,15,4,0,1,0,0,0,0,0,0,0,0,13,1,1,0,1,0,0,0,0,0,0,0,3,0,0,0,0,0,0,0,0,0,0,0,10,3,0,1,0,0,0,0,0,0,0,0,9,1,1,0,1,0,0,0,0,0,0,0,3,0,0,0,0,0,0,0,0,0,0,0,6,2,0,1,0,0,0,0,0,0,0,0,6,1,1,0,1,0,0,0,0,0,0,0,0,0,0,0,0,0,0,0,0,0,0,0,1,0,0,0,0,0,0,0,0,0,0,0,1,0,0,0,0,0,0,0,0,0,0,0,0,0,0,0,0,0,0,0,0,0,0,0,1,0,0,0,0,0,0,0,0,0,0,0,1,0,0,0,0,0,0,0,0,0,0,0,0,0,0,0,0,0,0,0,0,0,0,0,1,0,0,0,0,0,0,0,0,0,0,0,1,0,0,0,0,0,0,0,0,0,0,0,0,0,0,0,0,0,0,0,0,0,0,0,0,0,0,0,0,0,0,0,0,0,0,0,0,0,0,0,0,0,0,0,0,0,0,0
2013020850,2,2014-02-04,14.583333333333334,4.633333333333334,0,2,0,0,10,2,0,2,0,0,10,4,0,0,0,0,2,1,0,0,0,0,3,1,0,1,0,0,4,0,0,1,0,0,2,0,0,4,2,0,4,2,0,0,0,0,0,2,0,4,0,0,0,0,0,0,0,0,0,0,0,12,9,0,1,0,0,1,0,0,0,0,0,11,1,0,0,1,0,0,0,0,0,0,0,4,0,0,0,0,0,0,0,0,0,0,0,10,9,0,1,0,0,1,0,0,0,0,0,9,1,0,0,1,0,0,0,0,0,0,0,3,0,0,0,0,0,0,0,0,0,0,0,8,7,0,1,0,0,1,0,0,0,0,0,8,0,0,0,1,0,0,0,0,0,0,0,1,0,0,0,0,0,0,0,0,0,0,0,1,0,0,1,0,0,0,0,0,0,0,0,1,0,0,0,0,0,0,0,0,0,0,0,0,0,0,0,0,0,0,0,0,0,0,0,1,0,0,1,0,0,0,0,0,0,0,0,1,0,0,0,0,0,0,0,0,0,0,0,0,0,0,1,0,0,0,0,0,0,0,0,1,0,0,1,0,0,0,0,0,0,0,0,1,0,0,0,0,0,0,0,0,0,0,0,1,0,0,0,0,0,0,0,0,0,0,0,1,0,0,0,0,0,0,0,0,0,0,0,0,0,0,0,0,0,0,0,0,0,0,0
2013020864,2,2014-02-06,12.25,2.283333333333333,2.566666666666667,2,0,0,7,2,1,0,0,0,8,1,0,2,0,0,5,0,0,0,0,0,2,1,0,1,0,0,1,0,1,0,0,1,0,0,1,4,2,0,4,2,0,2,2,0,6,2,0,2,1,0,0,0,0,0,0,0,0,0,0,7,5,0,0,0,0,0,0,0,0,0,0,14,0,6,0,0,0,2,0,0,0,0,0,1,0,0,0,0,0,0,0,0,0,0,0,5,3,0,0,0,0,0,0,0,0,0,0,9,0,3,0,0,0,1,0,0,0,0,0,1,0,0,0,0,0,0,0,0,0,0,0,4,2,0,0,0,0,0,0,0,0,0,0,5,0,3,0,0,0,1,0,0,0,0,0,1,0,0,0,0,0,0,0,0,0,0,0,0,0,0,0,0,0,0,0,0,0,0,0,0,0,0,0,0,0,1,0,0,0,0,0,0,0,0,0,0,0,0,0,0,0,0,0,0,0,0,0,0,0,0,0,0,0,0,0,0,0,0,0,0,0,1,0,0,0,0,0,0,0,0,0,0,0,0,0,0,0,0,0,0,0,0,0,0,0,0,0,0,0,0,0,0,0,0,0,0,0,1,0,0,0,0,0,0,0,0,0,0,0,0,0,0,0,0,0,0,0,0,0,0,0,0,0,0,0,0,0,2,0,0,0,0,0,0,0,0,0,0,0
2013020873,2,2014-02-08,10.65,5.416666666666667,2.7666666666666666,0,0,0,8,1,1,2,0,0,5,4,3,0,0,0,3,2,0,1,0,0,2,2,0,0,0,0,0,0,0,1,0,0,0,0,0,2,0,0,0,2,0,0,0,0,2,0,0,3,0,0,0,0,0,0,0,0,0,0,0,7,7,0,0,1,0,0,0,0,0,0,0,12,1,5,0,0,0,0,0,1,0,0,0,2,0,0,0,0,0,0,0,0,0,0,0,5,6,0,0,0,0,0,0,0,0,0,0,9,0,5,0,0,0,0,0,1,0,0,0,2,0,0,0,0,0,0,0,0,0,0,0,5,3,0,0,0,0,0,0,0,0,0,0,8,0,4,0,0,0,0,0,1,0,0,0,0,0,0,0,0,0,0,0,0,0,0,0,1,0,0,0,0,0,0,0,0,0,0,0,0,0,1,0,0,0,0,0,0,0,0,0,0,0,0,0,0,0,0,0,0,0,0,0,1,0,0,0,0,0,0,0,0,0,0,0,0,0,1,0,0,0,0,0,0,0,0,0,0,0,0,0,0,0,0,0,0,0,0,0,1,0,0,0,0,0,0,0,0,0,0,0,0,0,1,0,0,0,0,0,0,0,0,0,0,0,0,0,0,0,0,0,0,0,0,0,0,0,0,0,0,0,0,0,0,0,0,0,0,0,1,0,0,0,0,0,0,0,0,0
2013020885,2,2014-02-26,12.133333333333333,3.5,3.05,0,0,0,5,1,0,0,0,1,9,1,4,4,0,0,9,1,0,3,0,0,8,0,0,1,1,0,1,1,1,1,0,0,2,1,0,2,0,0,2,0,0,0,0,0,4,0,0,2,1,0,1,0,0,0,0,0,0,0,0,13,3,0,1,0,0,1,0,0,0,0,0,7,1,6,1,0,0,4,0,0,0,0,0,2,0,0,0,0,0,0,0,0,0,0,0,13,1,0,0,0,0,1,0,0,0,0,0,6,0,5,1,0,0,4,0,0,0,0,0,0,0,0,0,0,0,0,0,0,0,0,0,5,1,0,0,0,0,1,0,0,0,0,0,4,0,5,1,0,0,4,0,0,0,0,0,0,0,0,0,0,0,0,0,0,0,0,0,0,0,0,0,0,0,0,0,0,0,0,0,0,0,0,0,0,0,0,0,0,0,0,0,0,0,0,0,0,0,0,0,0,0,0,0,0,0,0,0,0,0,0,0,0,0,0,0,0,0,0,0,0,0,0,0,0,0,0,0,0,0,0,0,0,0,0,0,0,0,0,0,0,0,0,0,0,0,0,0,0,0,0,0,0,0,0,0,0,0,0,0,0,0,0,0,0,0,0,0,0,0,0,0,0,0,0,0,1,0,0,0,0,0,0,0,0,0,0,0,1,0,0,0,0,0,3,0,0,0,0,0
2013020901,2,2014-02-28,16.133333333333333,2.466666666666667,1.2166666666666666,0,1,0,11,2,0,0,0,0,8,1,0,2,0,0,10,0,1,2,0,0,8,2,0,0,0,0,1,0,0,1,0,0,3,2,0,2,0,0,9,0,0,0,0,0,5,2,0,1,1,1,0,1,0,0,0,0,0,0,0,18,4,1,1,1,1,0,0,0,0,0,0,9,1,2,1,0,0,1,0,0,0,0,0,0,1,1,0,1,0,0,0,0,0,0,0,11,3,1,1,1,1,0,0,0,0,0,0,8,0,1,1,0,0,1,0,0,0,0,0,0,0,0,0,0,0,0,0,0,0,0,0,5,0,0,1,0,1,0,0,0,0,0,0,4,0,1,1,0,0,1,0,0,0,0,0,0,0,0,0,0,0,0,0,0,0,0,0,0,0,0,0,0,0,0,0,0,0,0,0,1,0,0,0,0,0,0,0,0,0,0,0,0,0,0,0,0,0,0,0,0,0,0,0,0,0,0,0,0,0,0,0,0,0,0,0,1,0,0,0,0,0,0,0,0,0,0,0,0,0,0,0,0,0,0,0,0,0,0,0,0,0,0,0,0,0,0,0,0,0,0,0,1,0,0,0,0,0,0,0,0,0,0,0,0,0,0,0,0,0,0,0,0,0,0,0,0,0,0,0,0,0,0,0,0,0,0,0,1,0,0,0,0,0,0,0,0,0,0,0
2013020918,2,2014-03-02,14.833333333333334,3.5,1.35,1,0,0,11,0,0,0,0,0,8,3,1,0,0,0,8,0,0,1,0,0,5,0,0,0,0,0,0,1,0,0,0,0,1,0,0,0,0,0,2,0,0,2,0,0,2,0,0,2,1,0,0,0,0,0,0,0,0,0,0,9,12,0,0,0,0,0,1,0,0,0,0,13,0,1,1,0,0,0,0,1,0,0,0,1,1,0,0,0,0,0,0,0,0,0,0,7,8,0,0,0,0,0,1,0,0,0,0,7,0,1,0,0,0,0,0,1,0,0,0,0,1,0,0,0,0,0,0,0,0,0,0,5,5,0,0,0,0,0,1,0,0,0,0,6,0,1,0,0,0,0,0,0,0,0,0,0,0,0,0,0,0,0,0,0,0,0,0,0,1,0,0,0,0,0,0,0,0,0,0,0,0,0,0,0,0,0,0,0,0,0,0,0,0,0,0,0,0,0,0,0,0,0,0,0,1,0,0,0,0,0,0,0,0,0,0,0,0,0,0,0,0,0,0,0,0,0,0,0,0,0,0,0,0,0,0,0,0,0,0,0,1,0,0,0,0,0,0,0,0,0,0,0,0,0,0,0,0,0,0,0,0,0,0,0,1,0,0,0,0,0,0,0,0,0,0,0,1,0,0,0,0,0,0,0,0,0,0,0,0,1,0,0,0,0,0,0,0,0,0
2013020928,2,2014-03-04,18.35,0.8333333333333334,1.7833333333333334,0,0,0,8,0,0,0,0,0,8,0,1,5,0,0,10,0,1,1,0,0,8,0,0,0,0,0,0,0,0,0,0,0,0,0,0,2,0,0,0,0,0,0,0,0,2,0,0,2,0,1,0,0,0,0,0,0,0,0,0,20,4,1,0,0,0,2,0,0,0,0,0,10,0,3,1,0,0,0,0,0,0,0,0,1,0,1,0,0,0,0,0,0,0,0,0,9,3,1,0,0,0,2,0,0,0,0,0,6,0,2,0,0,0,0,0,0,0,0,0,0,0,1,0,0,0,0,0,0,0,0,0,6,2,1,0,0,0,2,0,0,0,0,0,2,0,1,0,0,0,0,0,0,0,0,0,0,0,1,0,0,0,0,0,0,0,0,0,1,0,1,0,0,0,0,0,0,0,0,0,0,0,0,0,0,0,0,0,0,0,0,0,0,0,0,0,0,0,0,0,0,0,0,0,1,0,1,0,0,0,0,0,0,0,0,0,0,0,0,0,0,0,0,0,0,0,0,0,1,0,0,0,0,0,0,0,0,0,0,0,1,0,1,0,0,0,0,0,0,0,0,0,0,0,0,0,0,0,0,0,0,0,0,0,0,0,0,0,0,0,0,0,0,0,0,0,2,0,0,0,0,0,0,0,0,0,0,0,0,0,0,0,0,0,0,0,0,0,0,0
2013020943,2,2014-03-06,16.4,0.95,2.0833333333333335,0,0,0,9,1,0,0,0,0,8,1,0,4,0,0,8,0,1,0,0,0,5,0,0,1,0,1,2,0,2,0,0,0,1,0,0,0,0,0,4,0,0,0,2,0,2,4,0,2,1,0,0,0,0,0,0,0,0,0,0,8,4,1,0,0,0,0,0,0,0,0,0,7,0,2,1,0,0,1,0,0,0,0,0,2,1,0,0,0,0,0,0,0,0,0,0,7,3,1,0,0,0,0,0,0,0,0,0,5,0,2,1,0,0,1,0,0,0,0,0,2,1,0,0,0,0,0,0,0,0,0,0,6,2,1,0,0,0,0,0,0,0,0,0,2,0,1,1,0,0,1,0,0,0,0,0,0,0,0,0,0,0,0,0,0,0,0,0,0,0,0,0,0,0,0,0,0,0,0,0,1,0,0,0,0,0,0,0,0,0,0,0,0,0,0,0,0,0,0,0,0,0,0,0,0,0,0,0,0,0,0,0,0,0,0,0,1,0,0,0,0,0,0,0,0,0,0,0,0,0,0,0,0,0,0,0,0,0,0,0,0,0,0,0,0,0,0,0,0,0,0,0,1,0,0,0,0,0,0,0,0,0,0,0,0,0,0,0,0,0,0,0,0,0,0,0,1,0,0,0,0,0,0,0,0,0,0,0,1,0,0,0,0,0,0,0,0,0,0,0
2013020954,2,2014-03-08,16.616666666666667,1.0833333333333333,1.6,0,0,0,16,0,0,1,0,1,6,1,1,1,0,0,6,0,0,1,0,0,12,0,0,2,0,0,6,0,1,0,0,0,1,0,0,0,0,0,0,0,0,0,0,0,0,0,0,3,0,0,0,0,0,0,0,0,0,0,0,19,0,0,1,0,0,2,0,0,0,0,0,14,0,0,1,0,0,0,0,0,0,0,0,3,0,0,0,0,0,0,0,0,0,0,0,13,0,0,1,0,0,2,0,0,0,0,0,8,0,0,1,0,0,0,0,0,0,0,0,2,0,0,0,0,0,0,0,0,0,0,0,8,0,0,1,0,0,2,0,0,0,0,0,6,0,0,1,0,0,0,0,0,0,0,0,0,0,0,0,0,0,0,0,0,0,0,0,1,0,0,0,0,0,0,0,0,0,0,0,0,0,0,0,0,0,0,0,0,0,0,0,1,0,0,0,0,0,0,0,0,0,0,0,1,0,0,0,0,0,0,0,0,0,0,0,0,0,0,0,0,0,0,0,0,0,0,0,0,0,0,0,0,0,0,0,0,0,0,0,1,0,0,0,0,0,0,0,0,0,0,0,0,0,0,0,0,0,0,0,0,0,0,0,0,0,0,0,0,0,0,0,0,0,0,0,2,0,0,0,0,0,0,0,0,0,0,0,0,0,0,0,0,0,0,0,0,0,0,0
2013020966,2,2014-03-09,16.85,2,1.55,0,0,0,7,1,0,1,0,0,8,1,1,1,0,0,6,0,1,3,0,0,6,0,0,0,0,0,1,0,0,0,0,0,1,0,0,0,0,0,0,0,0,0,0,0,0,0,0,2,0,0,0,0,0,0,1,0,0,0,0,10,6,0,1,0,1,1,1,0,0,0,0,16,0,0,1,0,0,1,0,0,0,0,0,2,0,0,0,0,0,0,1,0,0,0,0,7,3,0,1,0,1,1,1,0,0,0,0,13,0,0,0,0,0,0,0,0,0,0,0,2,0,0,0,0,0,0,1,0,0,0,0,6,2,0,1,0,0,1,1,0,0,0,0,9,0,0,0,0,0,0,0,0,0,0,0,0,0,0,0,0,0,0,1,0,0,0,0,0,0,0,0,0,0,0,1,0,0,0,0,1,0,0,0,0,0,0,0,0,0,0,0,0,0,0,0,0,0,0,0,0,0,0,0,0,0,0,0,0,0,0,1,0,0,0,0,1,0,0,0,0,0,0,0,0,0,0,0,0,0,0,0,0,0,0,0,0,0,0,0,0,0,0,0,0,0,0,1,0,0,0,0,0,0,0,0,0,0,0,0,0,0,0,0,0,0,0,0,0,0,0,0,0,0,0,0,1,1,0,0,0,0,0,0,0,0,0,0,1,0,0,0,0,0,0,0,0,0,0,0
2013020982,2,2014-03-11,17.15,3.7666666666666666,0.95,0,0,0,8,2,0,2,0,0,11,3,1,1,0,0,8,0,0,0,0,0,0,0,0,1,0,0,1,0,0,2,0,0,2,1,0,0,0,0,2,0,2,0,0,0,4,0,0,2,2,0,0,0,0,0,0,0,0,0,0,10,9,0,2,0,0,1,0,0,0,0,0,15,0,2,1,0,0,0,0,1,0,0,0,2,2,0,0,0,0,0,0,0,0,0,0,6,8,0,2,0,0,1,0,0,0,0,0,11,0,1,1,0,0,0,0,1,0,0,0,1,1,0,0,0,0,0,0,0,0,0,0,2,6,0,1,0,0,1,0,0,0,0,0,7,0,1,0,0,0,0,0,1,0,0,0,0,0,0,0,0,0,0,0,0,0,0,0,0,0,0,0,0,0,1,0,0,0,0,0,0,0,0,0,0,0,0,0,1,0,0,0,0,0,0,0,0,0,0,0,0,0,0,0,0,0,0,0,0,0,1,0,0,0,0,0,0,0,0,0,0,0,0,0,1,0,0,0,0,0,0,0,0,0,0,0,0,0,0,0,0,0,0,0,0,0,1,0,0,0,0,0,0,0,0,0,0,0,0,0,1,0,0,0,0,0,0,0,0,0,0,0,0,0,0,0,1,0,0,0,0,0,0,0,0,0,0,0,0,0,1,0,0,0,0,0,0,0,0,0
2013020993,2,2014-03-13,11.45,4.816666666666666,0.7833333333333333,1,0,0,7,4,0,0,0,0,2,2,0,0,0,0,3,1,0,0,0,0,2,1,0,2,0,0,2,0,0,0,0,0,0,0,0,0,0,2,14,2,12,0,0,0,14,2,12,1,2,0,0,0,0,0,1,0,0,0,0,17,7,2,2,0,0,0,1,0,0,0,0,6,0,1,0,0,0,0,0,0,0,0,0,0,2,0,0,0,0,0,1,0,0,0,0,14,5,2,2,0,0,0,1,0,0,0,0,5,0,1,0,0,0,0,0,0,0,0,0,0,2,0,0,0,0,0,1,0,0,0,0,11,5,1,1,0,0,0,1,0,0,0,0,3,0,1,0,0,0,0,0,0,0,0,0,0,0,0,0,0,0,0,1,0,0,0,0,2,0,0,0,0,0,0,1,0,0,0,0,1,0,0,0,0,0,0,0,0,0,0,0,1,0,0,0,0,0,0,0,0,0,0,0,2,0,0,0,0,0,0,1,0,0,0,0,1,0,0,0,0,0,0,0,0,0,0,0,1,0,0,0,0,0,0,0,0,0,0,0,2,0,0,0,0,0,0,1,0,0,0,0,1,0,0,0,0,0,0,0,0,0,0,0,0,0,0,0,0,0,0,0,0,0,0,0,0,1,0,0,0,0,0,0,0,0,0,0,0,0,0,0,0,0,0,0,0,0,0,0
2013021009,2,2014-03-15,15.4,1.4,1.65,0,0,0,4,0,1,2,0,0,5,0,0,2,0,0,2,0,1,0,0,0,6,0,0,3,0,1,3,0,2,0,0,0,3,0,0,0,0,0,0,0,0,0,0,0,0,0,0,2,1,1,0,0,0,0,0,0,0,0,0,8,5,1,1,0,0,1,0,0,0,0,0,17,0,0,0,0,0,0,0,0,0,0,0,2,0,1,0,0,0,0,0,0,0,0,0,6,3,1,1,0,0,1,0,0,0,0,0,12,0,0,0,0,0,0,0,0,0,0,0,1,0,1,0,0,0,0,0,0,0,0,0,3,3,1,0,0,0,1,0,0,0,0,0,8,0,0,0,0,0,0,0,0,0,0,0,0,0,0,0,0,0,0,0,0,0,0,0,0,0,0,0,0,0,1,0,0,0,0,0,0,0,0,0,0,0,0,0,0,0,0,0,0,0,0,0,0,0,1,0,0,0,0,0,0,0,0,0,0,0,1,0,0,0,0,0,0,0,0,0,0,0,0,0,0,0,0,0,0,0,0,0,0,0,0,0,0,0,0,0,0,0,0,0,0,0,1,0,0,0,0,0,0,0,0,0,0,0,0,0,0,0,0,0,0,0,0,0,0,0,0,0,0,0,0,0,1,0,0,0,0,0,0,0,0,0,0,0,0,0,0,0,0,0,0,0,0,0,0,0
2013021039,2,2014-03-19,11.866666666666667,3.433333333333333,2.2333333333333334,0,0,0,6,2,0,0,0,0,11,2,0,1,0,0,7,0,1,1,0,0,3,0,0,0,0,0,0,0,0,0,0,0,1,0,0,2,0,0,4,0,0,0,0,0,0,0,0,2,2,0,0,0,0,0,0,0,0,0,0,10,5,1,0,0,0,0,0,0,0,0,0,9,1,2,1,0,0,0,0,0,1,0,0,2,2,0,0,0,0,0,0,0,0,0,0,7,4,1,0,0,0,0,0,0,0,0,0,5,1,2,1,0,0,0,0,0,1,0,0,2,1,0,0,0,0,0,0,0,0,0,0,5,2,1,0,0,0,0,0,0,0,0,0,4,0,1,1,0,0,0,0,0,1,0,0,0,0,0,0,0,0,0,0,0,0,0,0,0,0,0,0,0,0,0,0,0,0,0,0,1,0,1,0,0,0,0,0,0,0,0,0,0,0,0,0,0,0,0,0,0,0,0,0,0,0,0,0,0,0,0,0,0,0,0,0,1,0,1,0,0,0,0,0,0,0,0,0,0,0,0,0,0,0,0,0,0,0,0,0,0,0,0,0,0,0,0,0,0,0,0,0,1,0,1,0,0,0,0,0,0,0,0,0,0,0,0,0,0,0,0,0,0,0,0,0,0,0,0,0,0,0,0,0,0,0,0,0,0,0,0,1,0,0,0,0,0,0,0,0
2013021055,2,2014-03-22,11.016666666666667,5.183333333333334,1.6,0,0,0,5,2,2,0,0,0,6,3,2,1,0,0,5,2,0,0,1,0,4,4,0,1,0,0,1,0,0,1,0,0,3,0,0,0,0,0,2,0,2,2,0,0,4,0,0,1,0,1,0,0,0,0,0,0,0,0,0,10,8,1,1,0,0,1,0,0,0,0,0,11,0,1,1,0,0,0,0,0,0,0,0,1,0,1,0,0,0,0,0,0,0,0,0,7,5,1,0,0,0,1,0,0,0,0,0,5,0,1,1,0,0,0,0,0,0,0,0,0,0,0,0,0,0,0,0,0,0,0,0,5,2,0,0,0,0,1,0,0,0,0,0,3,0,1,0,0,0,0,0,0,0,0,0,0,0,0,0,0,0,0,0,0,0,0,0,0,0,0,0,0,0,0,0,0,0,0,0,1,0,1,0,0,0,0,0,0,0,0,0,0,0,0,0,0,0,0,0,0,0,0,0,0,0,0,0,0,0,0,0,0,0,0,0,1,0,1,0,0,0,0,0,0,0,0,0,0,0,0,0,0,0,0,0,0,0,0,0,0,0,0,0,0,0,0,0,0,0,0,0,1,0,1,0,0,0,0,0,0,0,0,0,0,0,0,0,0,0,0,0,0,0,0,0,1,0,0,0,0,0,0,0,0,0,0,0,0,0,0,0,0,0,0,0,0,0,0,0
2013021067,2,2014-03-23,14.383333333333333,2.95,2.0166666666666666,0,0,0,6,2,1,0,0,0,10,0,0,0,0,0,6,0,1,3,0,0,9,1,0,0,0,0,1,0,1,0,0,0,2,0,0,0,0,0,4,0,0,2,0,0,6,0,0,2,1,1,0,0,0,0,0,0,0,0,0,14,4,1,2,1,0,0,0,0,1,0,0,14,0,4,2,0,0,1,0,0,0,0,0,1,1,1,0,0,0,0,0,0,0,0,0,11,3,1,1,1,0,0,0,0,1,0,0,8,0,2,0,0,0,0,0,0,0,0,0,1,0,1,0,0,0,0,0,0,0,0,0,7,2,1,0,1,0,0,0,0,1,0,0,8,0,2,0,0,0,0,0,0,0,0,0,0,0,0,0,0,0,0,0,0,0,0,0,1,0,0,0,0,0,0,0,0,0,0,0,0,0,0,0,0,0,0,0,0,0,0,0,0,0,0,0,0,0,0,0,0,0,0,0,1,0,0,0,0,0,0,0,0,0,0,0,0,0,0,0,0,0,0,0,0,0,0,0,0,0,0,0,0,0,0,0,0,0,0,0,1,0,0,0,0,0,0,0,0,0,0,0,0,0,0,0,0,0,0,0,0,0,0,0,0,0,0,0,0,0,0,0,0,0,0,0,0,0,0,1,0,0,0,0,0,0,0,0,1,0,0,0,0,0,0,0,0,0,0,0
2013021079,2,2014-03-25,15.683333333333334,1.2666666666666666,0.6,0,0,0,9,1,1,0,0,0,8,2,0,3,0,0,6,0,0,3,0,0,9,0,0,0,0,0,1,0,0,2,0,0,2,0,1,0,0,0,0,0,0,0,0,0,0,0,0,4,0,0,1,0,0,1,0,0,0,0,0,18,1,0,4,1,0,1,0,0,0,0,0,11,0,0,1,0,1,1,0,1,0,0,0,4,0,0,0,0,0,1,0,0,0,0,0,17,1,0,3,1,0,1,0,0,0,0,0,9,0,0,1,0,1,1,0,1,0,0,0,3,0,0,0,0,0,1,0,0,0,0,0,9,0,0,2,1,0,1,0,0,0,0,0,5,0,0,1,0,1,1,0,1,0,0,0,0,0,0,0,0,0,1,0,0,0,0,0,1,0,0,1,1,0,1,0,0,0,0,0,0,0,0,0,0,0,1,0,1,0,0,0,1,0,0,0,1,0,0,0,0,0,0,0,1,0,0,1,1,0,1,0,0,0,0,0,0,0,0,0,0,0,1,0,1,0,0,0,0,0,0,0,0,0,0,0,0,0,0,0,1,0,0,1,0,0,1,0,0,0,0,0,0,0,0,0,0,0,1,0,1,0,0,0,1,0,0,0,0,0,0,0,0,0,0,0,1,0,0,0,0,0,0,0,0,0,0,0,1,0,0,0,0,1,0,0,0,0,0,0
2013021098,2,2014-03-27,11.666666666666666,3.8666666666666667,3.7,0,0,0,4,2,0,0,0,0,5,4,0,0,0,0,3,0,0,3,0,0,7,0,0,1,0,2,1,0,2,0,0,0,0,0,0,0,2,0,0,12,2,0,0,0,6,0,4,5,0,0,0,0,1,0,0,0,0,0,0,11,7,0,0,0,1,1,0,0,0,0,0,11,0,1,0,0,0,0,0,0,0,0,0,5,0,0,0,0,1,0,0,0,0,0,0,8,3,0,0,0,1,1,0,0,0,0,0,8,0,1,0,0,0,0,0,0,0,0,0,5,0,0,0,0,1,0,0,0,0,0,0,8,1,0,0,0,1,0,0,0,0,0,0,5,0,0,0,0,0,0,0,0,0,0,0,2,0,0,0,0,1,0,0,0,0,0,0,2,0,0,0,0,1,0,0,0,0,0,0,0,0,0,0,0,0,0,0,0,0,0,0,0,0,0,0,0,0,0,0,0,0,0,0,2,0,0,0,0,0,0,0,0,0,0,0,0,0,0,0,0,0,0,0,0,0,0,0,0,0,0,0,0,0,0,0,0,0,0,0,2,0,0,0,0,0,0,0,0,0,0,0,0,0,0,0,0,0,0,0,0,0,0,0,0,0,0,0,0,0,0,0,0,0,0,0,1,0,0,0,0,0,0,0,0,0,0,0,0,0,0,0,0,0,0,0,0,0,0,0
2013021115,2,2014-03-29,15.716666666666667,2.3333333333333335,0.4166666666666667,0,0,0,10,2,0,0,0,0,9,1,0,0,0,0,11,0,0,1,1,0,8,1,0,1,0,0,1,0,0,0,0,0,1,0,0,4,0,2,16,0,2,2,0,0,6,0,0,0,2,0,0,0,0,1,0,0,0,0,0,12,6,0,3,0,0,1,0,0,0,0,0,11,1,0,1,0,0,0,0,0,0,0,0,0,2,0,0,0,0,1,0,0,0,0,0,9,4,0,1,0,0,1,0,0,0,0,0,8,0,0,1,0,0,0,0,0,0,0,0,0,2,0,0,0,0,0,0,0,0,0,0,8,4,0,1,0,0,0,0,0,0,0,0,6,0,0,0,0,0,0,0,0,0,0,0,0,0,0,0,0,0,0,0,0,0,0,0,0,2,0,0,0,0,0,0,0,0,0,0,1,0,0,0,0,0,0,0,0,0,0,0,0,0,0,0,0,0,0,0,0,0,0,0,0,2,0,0,0,0,0,0,0,0,0,0,1,0,0,0,0,0,0,0,0,0,0,0,0,0,0,0,0,0,0,0,0,0,0,0,0,2,0,0,0,0,0,0,0,0,0,0,1,0,0,0,0,0,0,0,0,0,0,0,0,0,0,0,0,0,0,0,0,0,0,0,1,0,0,0,0,0,0,0,0,0,0,0,0,0,0,0,0,0,0,0,0,0,0,0
2013021136,2,2014-04-01,14.266666666666667,4.266666666666667,1.8666666666666667,0,0,0,9,3,1,0,0,0,4,2,0,0,0,0,6,1,0,1,0,0,4,0,1,1,0,0,2,1,0,1,0,0,2,0,0,2,0,0,4,0,0,0,0,0,0,2,0,1,2,0,0,0,0,0,0,0,0,0,0,19,6,0,0,0,0,0,0,0,0,0,0,8,0,3,0,0,0,0,0,0,0,0,0,0,2,0,0,0,0,0,0,0,0,0,0,16,4,0,0,0,0,0,0,0,0,0,0,8,0,1,0,0,0,0,0,0,0,0,0,0,1,0,0,0,0,0,0,0,0,0,0,7,1,0,0,0,0,0,0,0,0,0,0,6,0,1,0,0,0,0,0,0,0,0,0,0,0,0,0,0,0,0,0,0,0,0,0,0,0,0,0,0,0,0,0,0,0,0,0,0,0,0,0,0,0,0,0,0,0,0,0,0,0,0,0,0,0,0,0,0,0,0,0,0,0,0,0,0,0,0,0,0,0,0,0,0,0,0,0,0,0,0,0,0,0,0,0,0,0,0,0,0,0,0,0,0,0,0,0,0,0,0,0,0,0,0,0,0,0,0,0,0,0,0,0,0,0,0,0,0,0,0,0,0,0,0,0,0,0,0,0,0,0,0,0,0,0,0,0,0,0,0,0,0,0,0,0,0,0,0,0,0,0,0,0,0,0,0,0
2013021149,2,2014-04-03,14.9,1.7666666666666666,1.2166666666666666,0,0,0,8,0,1,0,0,0,3,0,0,1,0,0,6,1,0,3,0,0,8,1,0,1,0,0,1,0,1,0,0,0,0,0,0,2,0,0,4,0,0,0,0,0,2,0,0,4,0,0,1,0,0,0,0,0,0,0,0,17,0,1,4,0,0,1,0,0,0,0,0,9,1,0,1,0,0,0,0,0,0,0,0,3,0,0,1,0,0,0,0,0,0,0,0,10,0,1,3,0,0,1,0,0,0,0,0,7,1,0,0,0,0,0,0,0,0,0,0,2,0,0,0,0,0,0,0,0,0,0,0,6,0,1,1,0,0,1,0,0,0,0,0,6,1,0,0,0,0,0,0,0,0,0,0,0,0,0,0,0,0,0,0,0,0,0,0,0,0,0,0,0,0,0,0,0,0,0,0,0,0,0,0,0,0,0,0,0,0,0,0,0,0,0,0,0,0,0,0,0,0,0,0,0,0,0,0,0,0,0,0,0,0,0,0,0,0,0,0,0,0,0,0,0,0,0,0,0,0,0,0,0,0,0,0,0,0,0,0,0,0,0,0,0,0,0,0,0,0,0,0,0,0,0,0,0,0,0,0,0,0,0,0,0,0,0,0,0,0,0,0,0,0,0,0,1,0,0,0,0,0,0,0,0,0,0,0,0,0,0,0,0,0,0,0,0,0,0,0
2013021161,2,2014-04-05,11.283333333333333,4.25,2.3666666666666667,0,0,0,6,3,2,0,0,0,5,4,0,0,0,0,8,0,0,0,0,0,3,1,0,1,0,0,1,0,0,0,0,0,0,0,0,0,0,0,8,0,2,2,0,0,10,2,0,4,3,0,0,0,0,0,0,0,0,0,0,11,8,2,0,0,0,2,0,0,0,0,0,12,0,2,0,0,0,0,0,0,0,0,0,2,3,0,0,0,0,0,0,0,0,0,0,8,7,1,0,0,0,2,0,0,0,0,0,11,0,2,0,0,0,0,0,0,0,0,0,2,3,0,0,0,0,0,0,0,0,0,0,5,5,1,0,0,0,2,0,0,0,0,0,7,0,1,0,0,0,0,0,0,0,0,0,0,0,0,0,0,0,0,0,0,0,0,0,0,0,0,0,0,0,0,0,0,0,0,0,0,0,0,0,0,0,0,0,0,0,0,0,0,0,0,0,0,0,0,0,0,0,0,0,0,0,0,0,0,0,0,0,0,0,0,0,0,0,0,0,0,0,0,0,0,0,0,0,0,0,0,0,0,0,0,0,0,0,0,0,0,0,0,0,0,0,0,0,0,0,0,0,0,0,0,0,0,0,0,0,0,0,0,0,0,0,0,0,0,0,0,0,0,0,0,0,1,1,0,0,0,0,0,0,0,0,0,0,0,0,0,0,0,0,0,0,0,0,0,0
2013021174,2,2014-04-06,17.183333333333334,1.8166666666666667,2.066666666666667,0,0,0,8,1,1,0,0,0,5,0,2,1,0,0,7,1,1,0,0,0,4,0,0,2,0,0,2,0,0,0,0,0,1,0,0,0,0,0,2,0,2,0,0,0,0,2,0,6,1,0,1,0,0,0,0,0,0,0,0,15,1,1,1,0,0,0,0,0,0,0,0,11,1,2,3,0,0,1,0,0,0,0,0,6,0,0,1,0,0,0,0,0,0,0,0,10,0,1,1,0,0,0,0,0,0,0,0,8,1,1,2,0,0,1,0,0,0,0,0,6,0,0,0,0,0,0,0,0,0,0,0,10,0,1,0,0,0,0,0,0,0,0,0,3,1,1,2,0,0,1,0,0,0,0,0,0,0,0,0,0,0,0,0,0,0,0,0,0,0,0,0,0,0,0,0,0,0,0,0,1,0,0,0,0,0,1,0,0,0,0,0,0,0,0,0,0,0,0,0,0,0,0,0,0,0,0,0,0,0,0,0,0,0,0,0,1,0,0,0,0,0,1,0,0,0,0,0,0,0,0,0,0,0,0,0,0,0,0,0,0,0,0,0,0,0,0,0,0,0,0,0,0,0,0,0,0,0,0,0,0,0,0,0,0,0,0,0,0,0,0,0,0,0,0,0,0,0,0,0,0,0,0,0,0,0,0,0,1,0,0,0,0,0,0,0,0,0,0,0
2013021186,2,2014-04-08,12.983333333333333,4,2.35,0,0,0,7,4,2,0,0,0,6,2,0,1,0,0,2,0,2,0,0,0,2,0,0,0,0,0,1,0,0,0,0,0,0,0,0,0,0,0,0,0,0,0,0,0,0,2,0,4,1,0,0,0,0,1,0,0,0,0,0,13,12,2,1,0,1,1,1,0,0,0,0,9,2,3,0,0,0,0,0,0,0,0,0,3,1,0,0,0,0,1,0,0,0,0,0,7,6,2,0,0,1,1,1,0,0,0,0,6,2,3,0,0,0,0,0,0,0,0,0,2,0,0,0,0,0,1,0,0,0,0,0,4,1,1,0,0,1,1,1,0,0,0,0,6,2,2,0,0,0,0,0,0,0,0,0,0,0,0,0,0,0,0,0,0,0,0,0,0,0,0,0,0,0,0,0,0,0,0,0,1,0,0,0,0,0,0,0,0,0,0,0,0,0,0,0,0,0,0,0,0,0,0,0,0,0,0,0,0,0,0,0,0,0,0,0,1,0,0,0,0,0,0,0,0,0,0,0,0,0,0,0,0,0,0,0,0,0,0,0,0,0,0,0,0,0,0,0,0,0,0,0,1,0,0,0,0,0,0,0,0,0,0,0,0,0,0,0,0,0,0,0,0,0,0,0,1,1,0,0,0,0,0,0,0,0,0,0,0,0,0,0,0,0,0,0,0,0,0,0
2013021201,2,2014-04-10,8.85,1.2833333333333334,0.9666666666666667,0,0,0,7,0,0,0,0,0,2,0,2,0,0,0,1,1,1,0,0,0,5,0,0,0,0,0,0,1,0,0,0,0,0,0,0,10,0,0,12,0,0,0,0,0,0,0,0,2,1,0,0,0,0,0,0,0,0,0,0,10,3,0,0,0,0,1,0,0,0,0,0,1,0,1,0,0,0,0,0,0,0,0,0,2,1,0,0,0,0,0,0,0,0,0,0,8,3,0,0,0,0,1,0,0,0,0,0,1,0,1,0,0,0,0,0,0,0,0,0,0,1,0,0,0,0,0,0,0,0,0,0,5,3,0,0,0,0,1,0,0,0,0,0,1,0,1,0,0,0,0,0,0,0,0,0,0,0,0,0,0,0,0,0,0,0,0,0,0,0,0,0,0,0,0,0,0,0,0,0,1,0,0,0,0,0,0,0,0,0,0,0,0,0,0,0,0,0,0,0,0,0,0,0,0,0,0,0,0,0,0,0,0,0,0,0,1,0,0,0,0,0,0,0,0,0,0,0,0,0,0,0,0,0,0,0,0,0,0,0,0,0,0,0,0,0,0,0,0,0,0,0,1,0,0,0,0,0,0,0,0,0,0,0,0,0,0,0,0,0,0,0,0,0,0,0,1,0,0,0,0,0,0,0,0,0,0,0,0,0,0,0,0,0,0,0,0,0,0,0
2013030162,3,2014-04-19,13.1,10.35,2.033333333333333,0,0,0,7,6,1,0,0,0,8,5,0,1,0,0,7,1,1,1,0,0,7,0,0,0,0,0,2,0,0,0,0,0,0,0,0,0,2,0,2,17,0,2,0,0,2,0,0,0,1,0,0,0,0,0,0,0,0,0,0,4,17,0,0,0,0,0,0,0,0,0,0,16,1,1,0,0,0,2,0,0,0,0,0,0,0,0,0,0,0,0,0,0,0,0,0,4,11,0,0,0,0,0,0,0,0,0,0,13,0,0,0,0,0,2,0,0,0,0,0,0,0,0,0,0,0,0,0,0,0,0,0,3,8,0,0,0,0,0,0,0,0,0,0,9,0,0,0,0,0,1,0,0,0,0,0,0,0,0,0,0,0,0,0,0,0,0,0,0,1,0,0,0,0,0,0,0,0,0,0,1,0,0,0,0,0,0,0,0,0,0,0,0,0,0,0,0,0,0,0,0,0,0,0,0,1,0,0,0,0,0,0,0,0,0,0,1,0,0,0,0,0,0,0,0,0,0,0,0,0,0,0,0,0,0,0,0,0,0,0,0,1,0,0,0,0,0,0,0,0,0,0,0,0,0,0,0,0,0,0,0,0,0,0,0,0,0,0,0,0,0,0,0,0,0,0,0,0,0,0,0,0,0,0,0,0,0,0,2,0,0,0,0,0,0,0,0,0,0,0
2013030163,3,2014-04-21,16.683333333333334,3.65,3.1333333333333333,0,0,0,6,4,0,1,1,2,8,3,2,2,0,0,16,0,0,2,0,0,7,0,0,0,0,0,3,0,0,0,0,0,0,0,1,0,0,0,2,0,0,0,0,0,0,0,0,0,2,1,0,0,0,0,0,0,0,0,0,12,10,1,1,1,0,0,1,0,0,0,0,10,0,4,1,0,1,1,0,0,0,0,0,0,1,0,0,0,0,0,0,0,0,0,0,9,7,0,0,0,0,0,1,0,0,0,0,7,0,3,1,0,0,1,0,0,0,0,0,0,0,0,0,0,0,0,0,0,0,0,0,7,4,0,0,0,0,0,1,0,0,0,0,5,0,3,1,0,0,1,0,0,0,0,0,0,0,0,0,0,0,0,0,0,0,0,0,0,0,0,0,0,0,0,0,0,0,0,0,1,0,0,0,0,0,0,0,0,0,0,0,0,0,0,0,0,0,0,0,0,0,0,0,0,0,0,0,0,0,0,0,0,0,0,0,1,0,0,0,0,0,0,0,0,0,0,0,0,0,0,0,0,0,0,0,0,0,0,0,0,0,0,0,0,0,0,0,0,0,0,0,1,0,0,0,0,0,0,0,0,0,0,0,0,0,0,0,0,0,0,0,0,0,0,0,0,1,0,0,0,0,0,0,0,0,0,0,1,0,0,0,0,0,0,0,0,0,0,0
2013030164,3,2014-04-23,21.4,4.866666666666666,0.9666666666666667,0,0,0,14,2,0,0,2,0,7,3,1,3,0,0,12,1,0,2,0,0,9,1,0,1,0,0,3,1,0,1,0,0,1,1,0,2,0,0,6,0,0,0,0,0,0,0,0,4,3,0,0,0,0,1,0,0,0,0,0,13,9,0,2,0,0,1,0,0,0,0,0,15,1,2,1,0,0,0,0,0,0,0,0,3,3,0,0,0,0,1,0,0,0,0,0,7,7,0,2,0,0,1,0,0,0,0,0,6,0,0,1,0,0,0,0,0,0,0,0,2,1,0,0,0,0,0,0,0,0,0,0,6,4,0,2,0,0,0,0,0,0,0,0,5,0,0,1,0,0,0,0,0,0,0,0,0,0,0,0,0,0,0,0,0,0,0,0,0,1,0,0,0,0,0,0,0,0,0,0,1,0,0,0,0,0,0,0,0,0,0,0,0,0,0,0,0,0,0,0,0,0,0,0,0,1,0,0,0,0,0,0,0,0,0,0,1,0,0,0,0,0,0,0,0,0,0,0,0,0,0,0,0,0,0,0,0,0,0,0,0,1,0,0,0,0,0,0,0,0,0,0,1,0,0,0,0,0,0,0,0,0,0,0,0,0,0,0,0,0,0,0,0,0,0,0,1,0,0,0,0,0,0,0,0,0,0,0,0,0,0,0,0,0,0,0,0,0,0,0
2013030165,3,2014-04-25,20.616666666666667,2.683333333333333,1.8,0,0,0,5,2,0,0,0,0,12,1,0,1,0,0,9,3,0,0,0,0,4,0,0,0,0,0,1,0,1,0,0,0,2,0,0,2,0,0,2,0,0,0,0,0,0,0,0,4,0,1,0,0,0,0,0,0,0,0,0,14,4,2,1,1,0,0,1,0,0,0,0,15,0,1,1,0,0,1,0,0,0,0,0,4,0,1,0,0,0,0,0,0,0,0,0,10,3,2,0,0,0,0,0,0,0,0,0,9,0,1,1,0,0,1,0,0,0,0,0,2,0,1,0,0,0,0,0,0,0,0,0,5,1,2,0,0,0,0,0,0,0,0,0,6,0,1,1,0,0,1,0,0,0,0,0,1,0,0,0,0,0,0,0,0,0,0,0,1,0,0,0,0,0,0,0,0,0,0,0,0,0,0,0,0,0,1,0,0,0,0,0,0,0,0,0,0,0,0,0,0,0,0,0,1,0,0,0,0,0,0,0,0,0,0,0,0,0,0,0,0,0,1,0,0,0,0,0,0,0,0,0,0,0,0,0,0,0,0,0,1,0,0,0,0,0,0,0,0,0,0,0,0,0,0,0,0,0,1,0,0,0,0,0,0,0,0,0,0,0,0,0,0,0,0,0,0,0,0,0,1,0,0,0,0,0,0,0,1,0,0,0,0,0,0,0,0,0,0,0
2013030166,3,2014-04-27,14.116666666666667,6.016666666666667,0.4,0,0,0,7,6,0,0,0,0,15,2,1,1,0,0,12,0,0,1,0,0,7,0,0,0,1,0,1,1,1,0,0,0,0,0,0,0,0,0,6,0,0,0,0,0,2,0,0,2,2,0,1,1,0,1,0,0,0,0,0,20,10,0,2,1,0,1,0,0,0,0,0,7,1,1,1,0,0,0,0,0,0,0,0,2,2,0,1,1,0,1,0,0,0,0,0,16,6,0,2,1,0,1,0,0,0,0,0,4,0,1,1,0,0,0,0,0,0,0,0,1,2,0,1,1,0,1,0,0,0,0,0,10,6,0,2,1,0,1,0,0,0,0,0,3,0,1,1,0,0,0,0,0,0,0,0,0,0,0,0,0,0,1,0,0,0,0,0,0,0,0,0,0,0,1,0,0,0,0,0,0,0,0,0,0,0,0,0,0,0,0,0,0,0,0,0,0,0,0,0,0,0,0,0,0,0,0,0,0,0,1,0,0,0,0,0,0,0,0,0,0,0,0,0,0,0,0,0,0,0,0,0,0,0,0,0,0,0,0,0,0,0,0,0,0,0,1,0,0,0,0,0,0,0,0,0,0,0,0,0,0,0,0,0,0,0,0,0,0,0,0,0,0,0,0,0,2,0,0,0,0,0,0,0,0,0,0,0,0,0,0,0,0,0,0,0,0,0,0,0
